Ga0004748_15	1731562	1732755	136,65,157
Ga0004748_11	298427	299917	0, 1, 205
Ga0004748_11	300051	301733	0, 1, 205
Ga0004748_12	323272	324849	0, 1, 205
Ga0004748_11	522976	524343	0, 1, 205
Ga0004748_11	2011552	2012550	0, 1, 205
Ga0004748_15	2359752	2361158	0, 1, 205
Ga0004748_12	61090	61884	0, 1, 205
Ga0004748_11	1259342	1260328	0, 1, 205
Ga0004748_11	1882261	1883250	0, 1, 205
Ga0004748_15	2364584	2365090	0, 1, 205
Ga0004748_11	1901748	1902623	0, 1, 205
Ga0004748_12	202157	203608	0, 1, 205
Ga0004748_15	1664277	1665215	0, 1, 205
Ga0004748_11	536216	537628	0, 1, 205
Ga0004748_11	544017	545438	0, 1, 205
Ga0004748_12	219302	220723	0, 1, 205
Ga0004748_15	2348985	2349299	0, 1, 205
Ga0004748_15	2361398	2362258	0, 1, 205
Ga0004748_11	534891	536219	0, 1, 205
Ga0004748_12	24502	25410	0, 1, 205
Ga0004748_11	1778464	1779378	0, 1, 205
Ga0004748_15	1665235	1666527	0, 1, 205
Ga0004748_11	1287826	1290231	0, 1, 205
Ga0004748_15	2225165	2225488	0, 1, 205
Ga0004748_15	2136803	2137981	0, 1, 205
Ga0004748_11	635969	636940	0, 1, 205
Ga0004748_15	2344071	2345585	0, 1, 205
Ga0004748_11	130623	132062	0, 1, 205
Ga0004748_11	719851	720873	0, 1, 205
Ga0004748_11	1965468	1966445	0, 1, 205
Ga0004748_15	2364045	2364587	0, 1, 205
Ga0004748_11	2022715	2023035	0, 1, 205
Ga0004748_15	1703434	1704627	0, 1, 205
Ga0004748_15	2183563	2184783	0, 1, 205
Ga0004748_11	748131	748520	0, 1, 205
Ga0004748_11	1274515	1275045	0, 1, 205
Ga0004748_11	42065	42625	0, 1, 205
Ga0004748_15	1823343	1824929	0, 1, 205
Ga0004748_11	715206	716255	0, 1, 205
Ga0004748_11	653223	654497	0, 1, 205
Ga0004748_11	504933	506192	0, 1, 205
Ga0004748_11	2009273	2010472	0, 1, 205
Ga0004748_15	1851775	1853124	0, 1, 205
Ga0004748_15	2362525	2364033	0, 1, 205
Ga0004748_11	701025	701273	0, 1, 205
Ga0004748_11	833183	833917	0, 1, 205
Ga0004748_15	2354337	2354705	0, 1, 205
Ga0004748_11	1380139	1380786	0, 1, 205
Ga0004748_11	1457389	1458849	0, 1, 205
Ga0004748_11	1275063	1275752	0, 1, 205
Ga0004748_13	191219	192349	0, 1, 205
Ga0004748_11	2007878	2009257	0, 1, 205
Ga0004748_11	1273020	1274495	0, 1, 205
Ga0004748_11	1269347	1273030	0, 1, 205
Ga0004748_11	655240	656721	0, 1, 205
Ga0004748_11	55468	56463	0, 1, 205
Ga0004748_15	2347092	2348954	0, 1, 205
Ga0004748_15	1853114	1854142	0, 1, 205
Ga0004748_11	386911	388188	0, 1, 205
Ga0004748_15	2066895	2067845	0, 1, 205
Ga0004748_11	1451014	1452135	0, 1, 205
Ga0004748_15	2353828	2354346	0, 1, 205
Ga0004748_15	2352362	2353831	0, 1, 205
Ga0004748_15	2359330	2359731	0, 1, 205
Ga0004748_11	1981099	1982025	0, 1, 205
Ga0004748_11	735433	735945	0, 1, 205
Ga0004748_11	2010500	2011534	0, 1, 205
Ga0004748_11	624762	625826	0, 1, 205
Ga0004748_13	48571	50238	0, 1, 205
Ga0004748_15	2261975	2263192	0, 1, 205
Ga0004748_12	346834	349083	0, 1, 205
Ga0004748_15	2345593	2347095	0, 1, 205
Ga0004748_11	385298	386887	0, 1, 205
Ga0004748_13	24668	25651	0, 1, 205
Ga0004748_11	1185107	1186108	0, 1, 205
Ga0004748_11	275883	276875	0, 1, 205
Ga0004748_11	2048140	2049069	0, 1, 205
Ga0004748_11	506326	509193	0, 1, 205
Ga0004748_15	1676961	1678199	0, 1, 205
Ga0004748_11	1350441	1351643	0, 1, 205
Ga0004748_15	2270973	2271998	0, 1, 205
Ga0004748_12	26399	27835	0, 1, 205
Ga0004748_11	604509	604955	0, 1, 205
Ga0004748_15	1666688	1667836	0, 1, 205
Ga0004748_11	1413601	1415025	0, 1, 205
Ga0004748_15	2351259	2352359	0, 1, 205
Ga0004748_15	2349292	2349816	0, 1, 205
Ga0004748_11	2073651	2074577	0, 1, 205
Ga0004748_15	2052210	2052641	0, 1, 205
Ga0004748_15	2269625	2270980	0, 1, 205
Ga0004748_15	2279020	2280681	0, 1, 205
Ga0004748_11	667312	668520	0, 1, 205
Ga0004748_11	490698	492197	0, 1, 205
Ga0004748_15	2349813	2350232	0, 1, 205
Ga0004748_15	2350258	2351259	0, 1, 205
Ga0004748_11	1193647	1194684	0, 1, 205
Ga0004748_11	2053592	2055076	0, 1, 205
Ga0004748_12	183366	184913	0, 1, 205
Ga0004748_11	612409	613644	0, 1, 205
Ga0004748_15	2144612	2145046	153, 205, 255
Ga0004748_15	2334381	2335382	153, 205, 255
Ga0004748_15	1752040	1756269	153, 205, 255
Ga0004748_15	2145043	2145399	153, 205, 255
Ga0004748_11	651453	652727	153, 205, 255
Ga0004748_15	2340304	2341323	153, 205, 255
Ga0004748_11	303330	304595	153, 205, 255
Ga0004748_15	2332612	2333172	153, 205, 255
Ga0004748_13	12721	13887	153, 205, 255
Ga0004748_11	2073010	2073366	153, 205, 255
Ga0004748_11	1700192	1701313	153, 205, 255
Ga0004748_11	1290440	1291147	153, 205, 255
Ga0004748_15	1715803	1717515	153, 205, 255
Ga0004748_15	2224194	2224838	153, 205, 255
Ga0004748_13	134134	135318	153, 205, 255
Ga0004748_15	2223311	2224204	153, 205, 255
Ga0004748_11	255786	257519	153, 205, 255
Ga0004748_11	459216	460376	153, 205, 255
Ga0004748_11	633165	633923	253, 154, 1
Ga0004748_11	555651	556844	253, 154, 1
Ga0004748_13	15108	16220	253, 154, 1
Ga0004748_11	633920	634225	253, 154, 1
Ga0004748_11	181126	182130	253, 154, 1
Ga0004748_15	1697836	1699041	253, 154, 1
Ga0004748_11	1404717	1406144	253, 154, 1
Ga0004748_11	526418	527218	253, 154, 1
Ga0004748_11	634572	635588	253, 154, 1
Ga0004748_11	1141690	1142583	253, 154, 1
Ga0004748_15	1696451	1697839	253, 154, 1
Ga0004748_11	632452	633171	253, 154, 1
Ga0004748_11	1320018	1321529	253, 154, 1
Ga0004748_11	374421	374786	253, 154, 1
Ga0004748_15	2124710	2126140	253, 154, 1
Ga0004748_11	1956909	1958363	253, 154, 1
Ga0004748_12	331254	332675	253, 154, 1
Ga0004748_12	70326	71291	253, 154, 1
Ga0004748_11	527257	528306	253, 154, 1
Ga0004748_12	8439	9332	253, 154, 1
Ga0004748_11	1402041	1402988	253, 154, 1
Ga0004748_11	1139347	1140642	253, 154, 1
Ga0004748_11	525563	526411	253, 154, 1
Ga0004748_11	85189	86592	253, 154, 1
Ga0004748_11	575329	577023	253, 154, 1
Ga0004748_15	2061580	2061963	253, 154, 1
Ga0004748_11	138224	138958	253, 154, 1
Ga0004748_12	39664	41304	253, 154, 1
Ga0004748_13	33654	34631	253, 154, 1
Ga0004748_11	1186582	1188045	253, 154, 1
Ga0004748_11	2019005	2020210	253, 154, 1
Ga0004748_11	96237	96692	253, 154, 1
Ga0004748_11	1942406	1943521	253, 154, 1
Ga0004748_11	1692756	1693646	253, 154, 1
Ga0004748_12	77287	78702	253, 154, 1
Ga0004748_11	1196367	1198028	253, 154, 1
Ga0004748_11	1374013	1375914	253, 154, 1
Ga0004748_11	483782	485200	253, 154, 1
Ga0004748_11	1198088	1198504	253, 154, 1
Ga0004748_12	336175	337104	253, 154, 1
Ga0004748_15	2052631	2053851	253, 154, 1
Ga0004748_11	707934	709220	253, 154, 1
Ga0004748_12	41709	43349	253, 154, 1
Ga0004748_15	2259275	2259646	253, 154, 1
Ga0004748_11	640849	642165	253, 154, 1
Ga0004748_11	524583	525566	253, 154, 1
Ga0004748_13	16217	17218	253, 154, 1
Ga0004748_11	629976	631265	253, 154, 1
Ga0004748_11	449532	451358	253, 154, 1
Ga0004748_15	1768753	1770159	253, 154, 1
Ga0004748_12	73774	74892	253, 154, 1
Ga0004748_15	2122935	2124377	253, 154, 1
Ga0004748_11	2018176	2019012	253, 154, 1
Ga0004748_11	634236	634559	253, 154, 1
Ga0004748_11	1425214	1426635	253, 154, 1
Ga0004748_11	438036	439079	253, 154, 1
Ga0004748_11	623164	624684	253, 154, 1
Ga0004748_11	2046392	2048038	253, 154, 1
Ga0004748_11	1458919	1459551	253, 154, 1
Ga0004748_11	1770273	1771199	253, 154, 1
Ga0004748_11	1791711	1792736	253, 154, 1
Ga0004748_11	1389728	1390746	253, 154, 1
Ga0004748_12	68415	69338	253, 154, 1
Ga0004748_12	69349	70329	253, 154, 1
Ga0004748_11	770635	772152	253, 154, 1
Ga0004748_15	1714430	1715572	253, 154, 1
Ga0004748_12	37131	38742	253, 154, 1
Ga0004748_11	1379165	1380040	253, 154, 1
Ga0004748_12	33441	34358	253, 154, 1
Ga0004748_11	821506	822249	253, 154, 1
Ga0004748_11	711574	712506	253, 154, 1
Ga0004748_15	1744949	1746064	253, 154, 1
Ga0004748_11	642693	643397	253, 154, 1
Ga0004748_11	74642	75958	253, 154, 1
Ga0004748_12	364504	368940	253, 154, 1
Ga0004748_11	1976261	1976728	253, 154, 1
Ga0004748_11	742790	743590	253, 154, 1
Ga0004748_11	2020382	2021239	253, 154, 1
Ga0004748_11	784552	785790	253, 154, 1
Ga0004748_11	285393	286019	253, 154, 1
Ga0004748_15	2084672	2085982	253, 154, 1
Ga0004748_11	9459	10568	253, 154, 1
Ga0004748_11	481270	482748	253, 154, 1
Ga0004748_15	1792212	1793336	253, 154, 1
Ga0004748_11	149942	151630	253, 154, 1
Ga0004748_12	44574	45377	253, 154, 1
Ga0004748_11	631265	631849	253, 154, 1
Ga0004748_12	65615	67342	253, 154, 1
Ga0004748_11	629329	629964	253, 154, 1
Ga0004748_11	407663	409510	253, 154, 1
Ga0004748_15	1692621	1693754	253, 154, 1
Ga0004748_12	204142	205371	253, 154, 1
Ga0004748_11	1693938	1695257	253, 154, 1
Ga0004748_11	731366	732478	253, 154, 1
Ga0004748_12	332771	334045	253, 154, 1
Ga0004748_11	1421290	1422558	253, 154, 1
Ga0004748_12	35337	36347	253, 154, 1
Ga0004748_13	32270	33679	253, 154, 1
Ga0004748_11	73590	74594	253, 154, 1
Ga0004748_11	485197	485784	253, 154, 1
Ga0004748_11	183948	185534	253, 154, 1
Ga0004748_15	1653402	1653794	253, 154, 1
Ga0004748_11	137497	138195	253, 154, 1
Ga0004748_11	631850	632479	253, 154, 1
Ga0004748_11	489374	490150	253, 154, 1
Ga0004748_11	1970362	1972065	253, 154, 1
Ga0004748_11	1140635	1141693	253, 154, 1
Ga0004748_11	436075	437004	253, 154, 1
Ga0004748_12	34376	35380	253, 154, 1
Ga0004748_12	120200	121159	253, 154, 1
Ga0004748_13	127467	128885	253, 154, 1
Ga0004748_12	15785	17749	253, 154, 1
Ga0004748_11	127244	128668	253, 154, 1
Ga0004748_11	628091	629353	253, 154, 1
Ga0004748_15	1687107	1688204	253, 154, 1
Ga0004748_11	405102	406292	253, 154, 1
Ga0004748_15	2078243	2079160	253, 154, 1
Ga0004748_11	136713	137510	253, 154, 1
Ga0004748_11	660946	662301	253, 154, 1
Ga0004748_11	1258246	1258629	253, 154, 1
Ga0004748_13	88659	89702	253, 154, 1
Ga0004748_11	730148	731233	253, 154, 1
Ga0004748_11	434292	435947	253, 154, 1
Ga0004748_11	2057985	2059160	253, 154, 1
Ga0004748_15	1720974	1722149	253, 154, 1
Ga0004748_11	287499	288476	253, 154, 1
Ga0004748_15	2107378	2109048	253, 154, 1
Ga0004748_11	627198	627779	253, 154, 1
Ga0004748_12	199317	200681	253, 154, 1
Ga0004748_12	67446	68402	253, 154, 1
Ga0004748_11	187425	188417	253, 154, 1
Ga0004748_11	2051971	2053461	253, 154, 1
Ga0004748_11	2055094	2055990	253, 154, 1
Ga0004748_11	728976	730148	253, 154, 1
Ga0004748_11	2056013	2056954	253, 154, 1
Ga0004748_11	619919	621619	253, 154, 1
Ga0004748_11	563808	564905	253, 154, 1
Ga0004748_11	437001	438017	253, 154, 1
Ga0004748_11	188410	189381	253, 154, 1
Ga0004748_11	622152	623162	253, 154, 1
Ga0004748_11	1993043	1993882	253, 154, 1
Ga0004748_11	45710	46678	253, 154, 1
Ga0004748_15	2113804	2115237	253, 154, 1
Ga0004748_11	1740923	1743604	253, 154, 1
Ga0004748_11	1671501	1673327	253, 154, 1
Ga0004748_11	186547	187398	253, 154, 1
Ga0004748_11	755065	756252	253, 154, 1
Ga0004748_11	618707	619603	253, 154, 1
Ga0004748_15	2264554	2264934	253, 154, 1
Ga0004748_11	488177	489370	253, 154, 1
Ga0004748_11	2056951	2057988	253, 154, 1
Ga0004748_11	1217194	1218540	253, 154, 1
Ga0004748_11	1641993	1643408	253, 154, 1
Ga0004748_11	1763342	1765033	253, 154, 1
Ga0004748_11	625826	627220	253, 154, 1
Ga0004748_15	1741662	1742617	253, 154, 1
Ga0004748_11	486808	487569	253, 154, 1
Ga0004748_13	108431	109756	253, 154, 1
Ga0004748_11	487566	488180	253, 154, 1
Ga0004748_11	1632695	1633675	253, 154, 1
Ga0004748_11	1994547	1995833	253, 154, 1
Ga0004748_11	560217	561218	253, 154, 1
Ga0004748_11	1631146	1632570	253, 154, 1
Ga0004748_11	621616	622125	253, 154, 1
Ga0004748_11	182150	183127	253, 154, 1
Ga0004748_11	441920	443566	253, 154, 1
Ga0004748_11	564902	566086	253, 154, 1
Ga0004748_11	2068455	2070077	253, 154, 1
Ga0004748_13	105539	106468	253, 154, 1
Ga0004748_13	106706	108163	253, 154, 1
Ga0004748_11	185590	186540	253, 154, 1
Ga0004748_11	1354640	1355167	253, 154, 1
Ga0004748_11	1641041	1641859	253, 154, 1
Ga0004748_15	2285266	2286138	253, 154, 1
Ga0004748_11	485781	486806	253, 154, 1
Ga0004748_15	1002094	1003164	253, 154, 1
Ga0004748_13	40294	41535	253, 154, 1
Ga0004748_11	1382696	1383145	205, 255, 5
Ga0004748_12	159349	160500	205, 255, 5
Ga0004748_12	162605	162859	205, 255, 5
Ga0004748_11	585236	585595	205, 255, 5
Ga0004748_11	587748	588716	205, 255, 5
Ga0004748_15	994082	994699	205, 255, 5
Ga0004748_11	311007	311441	205, 255, 5
Ga0004748_12	161893	162612	205, 255, 5
Ga0004748_11	728265	728711	205, 255, 5
Ga0004748_11	1909255	1910178	205, 255, 5
Ga0004748_12	160497	161804	205, 255, 5
Ga0004748_12	158867	159352	205, 255, 5
Ga0004748_11	585582	587666	205, 255, 5
Ga0004748_11	1874957	1875526	205, 255, 5
Ga0004748_15	2121424	2122605	205, 255, 5
Ga0004748_11	713032	713709	205, 255, 5
Ga0004748_11	2028292	2028795	205, 255, 5
Ga0004748_11	1911108	1911554	205, 255, 5
Ga0004748_11	1996640	1997077	205, 255, 5
Ga0004748_12	170698	171969	205, 255, 5
Ga0004748_11	1362305	1363261	205, 255, 5
Ga0004748_12	168897	170432	205, 255, 5
Ga0004748_11	1201675	1202292	205, 255, 5
Ga0004748_15	2119739	2120920	205, 255, 5
Ga0004748_11	774507	775829	205, 255, 5
Ga0004748_12	109293	110840	205, 255, 5
Ga0004748_15	2156260	2157540	205, 255, 5
Ga0004748_11	1879460	1879930	205, 255, 5
Ga0004748_15	1702976	1703410	205, 255, 5
Ga0004748_11	1972406	1974358	205, 255, 5
Ga0004748_12	162856	163539	205, 255, 5
Ga0004748_12	165727	167142	205, 255, 5
Ga0004748_15	2173320	2174270	205, 255, 5
Ga0004748_11	2016910	2017395	205, 255, 5
Ga0004748_11	681443	682150	205, 255, 5
Ga0004748_15	2288450	2289661	205, 255, 5
Ga0004748_15	1007895	1008611	205, 255, 5
Ga0004748_11	1253628	1255379	205, 255, 5
Ga0004748_12	207863	209059	205, 255, 5
Ga0004748_12	167248	168288	205, 255, 5
Ga0004748_12	163523	165742	205, 255, 5
Ga0004748_11	1168836	1169297	205, 255, 5
Ga0004748_11	773910	774503	205, 255, 5
Ga0004748_12	168285	168872	205, 255, 5
Ga0004748_15	1007266	1007898	205, 255, 5
Ga0004748_11	1738453	1739190	205, 255, 5
Ga0004748_11	1704115	1705212	254, 204, 203
Ga0004748_11	2023040	2023702	254, 204, 203
Ga0004748_15	1826202	1827107	254, 204, 203
Ga0004748_11	2026185	2027378	254, 204, 203
Ga0004748_12	324975	325757	254, 204, 203
Ga0004748_11	242516	243691	254, 204, 203
Ga0004748_11	1237372	1238580	254, 204, 203
Ga0004748_11	30136	31248	254, 204, 203
Ga0004748_15	1760957	1762030	254, 204, 203
Ga0004748_12	11875	13221	254, 204, 203
Ga0004748_11	28652	30139	254, 204, 203
Ga0004748_15	2259806	2260123	254, 204, 203
Ga0004748_13	187965	188216	254, 204, 203
Ga0004748_11	455133	455930	254, 204, 203
Ga0004748_15	1708000	1708803	254, 204, 203
Ga0004748_15	2134001	2135215	254, 204, 203
Ga0004748_11	1913587	1914795	254, 204, 203
Ga0004748_12	78810	80081	254, 204, 203
Ga0004748_11	837083	838297	254, 204, 203
Ga0004748_11	582596	583198	254, 204, 203
Ga0004748_12	205488	206570	254, 204, 203
Ga0004748_11	1392207	1393745	254, 204, 203
Ga0004748_12	151169	152089	254, 204, 203
Ga0004748_12	311748	312698	254, 204, 203
Ga0004748_15	1642938	1644023	254, 204, 203
Ga0004748_15	2179286	2180290	254, 204, 203
Ga0004748_15	2257406	2257708	254, 204, 203
Ga0004748_11	176493	177542	254, 204, 203
Ga0004748_13	28858	30813	254, 204, 203
Ga0004748_11	1453689	1454597	254, 204, 203
Ga0004748_15	1765783	1768017	254, 204, 203
Ga0004748_11	247322	249073	254, 204, 203
Ga0004748_11	1393760	1395109	254, 204, 203
Ga0004748_11	27673	28668	254, 204, 203
Ga0004748_11	1774599	1775552	254, 204, 203
Ga0004748_13	185053	186039	254, 204, 203
Ga0004748_13	187243	187947	254, 204, 203
Ga0004748_11	479309	480220	254, 204, 203
Ga0004748_11	100054	101256	254, 204, 203
Ga0004748_12	337428	338930	254, 204, 203
Ga0004748_13	30831	31775	254, 204, 203
Ga0004748_11	198848	200167	254, 204, 203
Ga0004748_11	1161268	1162497	254, 204, 203
Ga0004748_13	189251	190246	254, 204, 203
Ga0004748_15	1639517	1641316	254, 204, 203
Ga0004748_15	1654176	1655204	254, 204, 203
Ga0004748_11	1449113	1450312	254, 204, 203
Ga0004748_11	90375	91739	254, 204, 203
Ga0004748_12	172048	173226	254, 204, 203
Ga0004748_11	1199077	1199688	254, 204, 203
Ga0004748_11	1348923	1350362	254, 204, 203
Ga0004748_11	1978472	1979389	254, 204, 203
Ga0004748_15	1718690	1719634	254, 204, 203
Ga0004748_15	2255576	2255899	254, 204, 203
Ga0004748_15	2083380	2084552	254, 204, 203
Ga0004748_11	294795	295991	254, 204, 203
Ga0004748_11	1669432	1670253	254, 204, 203
Ga0004748_15	2177962	2179146	254, 204, 203
Ga0004748_11	1174112	1175287	254, 204, 203
Ga0004748_15	2312429	2313763	254, 204, 203
Ga0004748_12	1	728	254, 204, 203
Ga0004748_12	7082	8227	254, 204, 203
Ga0004748_11	1906679	1907593	254, 204, 203
Ga0004748_11	1907884	1909092	254, 204, 203
Ga0004748_12	30343	31539	254, 204, 203
Ga0004748_11	1395128	1396024	254, 204, 203
Ga0004748_13	54010	54936	254, 204, 203
Ga0004748_11	1159860	1160702	254, 204, 203
Ga0004748_12	51417	52385	254, 204, 203
Ga0004748_11	743605	744000	254, 204, 203
Ga0004748_11	121344	122600	254, 204, 203
Ga0004748_15	2175648	2177177	254, 204, 203
Ga0004748_15	2177174	2177929	254, 204, 203
Ga0004748_12	289648	290886	254, 204, 203
Ga0004748_13	183284	184195	254, 204, 203
Ga0004748_11	817361	818233	254, 204, 203
Ga0004748_15	1673197	1674156	254, 204, 203
Ga0004748_12	285303	287327	254, 204, 203
Ga0004748_13	57201	58463	254, 204, 203
Ga0004748_13	184217	185017	254, 204, 203
Ga0004748_15	2256082	2257389	254, 204, 203
Ga0004748_11	245559	246557	254, 204, 203
Ga0004748_11	20671	21852	254, 204, 203
Ga0004748_11	1231468	1232652	254, 204, 203
Ga0004748_11	297592	298413	254, 204, 203
Ga0004748_11	1257380	1258189	254, 204, 203
Ga0004748_11	63246	63566	254, 204, 203
Ga0004748_15	2247967	2248704	254, 204, 203
Ga0004748_11	58508	59710	254, 204, 203
Ga0004748_11	569929	570558	254, 204, 203
Ga0004748_15	1691701	1692033	254, 204, 203
Ga0004748_15	2194825	2195073	254, 204, 203
Ga0004748_15	2254247	2255572	254, 204, 203
Ga0004748_11	1481440	1482870	254, 204, 203
Ga0004748_12	46282	47133	254, 204, 203
Ga0004748_11	1998328	1999443	254, 204, 203
Ga0004748_11	1967318	1969876	254, 204, 203
Ga0004748_11	63957	65267	254, 204, 203
Ga0004748_15	1671386	1673143	254, 204, 203
Ga0004748_15	2174322	2175617	254, 204, 203
Ga0004748_15	2331733	2332500	254, 204, 203
Ga0004748_11	63568	63873	254, 204, 203
Ga0004748_11	1861378	1862565	254, 204, 203
Ga0004748_15	2260133	2261434	254, 204, 203
Ga0004748_15	1747867	1748772	254, 204, 203
Ga0004748_11	1150328	1151149	254, 204, 203
Ga0004748_13	41683	42930	254, 204, 203
Ga0004748_13	38978	40249	254, 204, 203
Ga0004748_15	1780038	1780895	254, 204, 203
Ga0004748_11	1939279	1940496	254, 204, 203
Ga0004748_11	1229206	1229796	254, 204, 203
Ga0004748_15	1802593	1803786	254, 204, 203
Ga0004748_15	2261449	2261751	254, 204, 203
Ga0004748_11	340502	341923	253, 0, 0
Ga0004748_11	747023	748003	253, 0, 0
Ga0004748_11	339547	340482	253, 0, 0
Ga0004748_11	338486	339532	253, 0, 0
Ga0004748_15	1819903	1820505	253, 0, 0
Ga0004748_13	78184	78675	253, 0, 0
Ga0004748_15	1820502	1821011	253, 0, 0
Ga0004748_15	1655314	1655916	253, 0, 0
Ga0004748_11	10584	10787	253, 0, 0
Ga0004748_11	1363281	1363769	253, 0, 0
Ga0004748_11	749098	749934	253, 0, 0
Ga0004748_15	1821624	1822823	253, 0, 0
Ga0004748_11	648771	649385	253, 0, 0
Ga0004748_13	154902	156131	253, 0, 0
Ga0004748_11	1930632	1931951	253, 0, 0
Ga0004748_11	1470282	1471481	253, 0, 0
Ga0004748_11	359355	360344	253, 0, 0
Ga0004748_11	10790	11560	253, 0, 0
Ga0004748_15	2273870	2275630	253, 0, 0
Ga0004748_11	12588	13400	253, 0, 0
Ga0004748_11	749934	750782	253, 0, 0
Ga0004748_11	161435	162922	253, 0, 0
Ga0004748_15	992489	993694	253, 0, 0
Ga0004748_12	270980	271789	253, 0, 0
Ga0004748_11	1280328	1280798	253, 0, 0
Ga0004748_15	1858906	1859559	253, 0, 0
Ga0004748_12	271804	272463	253, 0, 0
Ga0004748_11	647263	648039	253, 0, 0
Ga0004748_11	1280795	1281028	253, 0, 0
Ga0004748_11	11553	12572	253, 0, 0
Ga0004748_15	1713209	1714423	253, 0, 0
Ga0004748_11	580141	580632	253, 0, 0
Ga0004748_13	130414	131280	253, 0, 0
Ga0004748_15	1782663	1783952	253, 0, 0
Ga0004748_15	1785589	1786602	253, 0, 0
Ga0004748_15	1781481	1781714	253, 0, 0
Ga0004748_15	1784036	1784521	253, 0, 0
Ga0004748_11	1169342	1170160	253, 0, 0
Ga0004748_11	1284837	1285310	253, 0, 0
Ga0004748_11	8846	9466	253, 0, 0
Ga0004748_15	1784559	1785572	253, 0, 0
Ga0004748_11	726426	727139	253, 0, 0
Ga0004748_11	1276907	1277920	253, 0, 0
Ga0004748_12	45564	46214	253, 0, 0
Ga0004748_15	1750860	1751978	253, 0, 0
Ga0004748_12	369139	370437	253, 0, 0
Ga0004748_11	1277938	1278951	253, 0, 0
Ga0004748_11	663140	663916	253, 0, 0
Ga0004748_11	409697	410656	253, 0, 0
Ga0004748_11	727178	728140	253, 0, 0
Ga0004748_11	750795	751178	253, 0, 0
Ga0004748_11	1418562	1419932	253, 0, 0
Ga0004748_11	724900	725469	253, 0, 0
Ga0004748_13	79428	80015	253, 0, 0
Ga0004748_11	1278994	1280283	253, 0, 0
Ga0004748_11	1286010	1287434	253, 0, 0
Ga0004748_11	2050751	2051392	253, 0, 0
Ga0004748_15	1782178	1782699	253, 0, 0
Ga0004748_11	1737160	1737768	253, 0, 0
Ga0004748_11	1482928	1483677	253, 0, 0
Ga0004748_11	825578	826927	253, 0, 0
Ga0004748_15	1781717	1782181	253, 0, 0
Ga0004748_11	1955841	1956797	77,0,75
Ga0004748_11	1456476	1457366	77,0,75
Ga0004748_11	636971	637672	77,0,75
Ga0004748_12	53041	53646	77,0,75
Ga0004748_15	1816400	1817203	77,0,75
Ga0004748_15	1711171	1712757	77,0,75
Ga0004748_15	1817935	1818468	77,0,75
Ga0004748_15	1693968	1694768	77,0,75
Ga0004748_11	1725314	1726102	77,0,75
Ga0004748_11	240719	241303	77,0,75
Ga0004748_13	94591	94887	77,0,75
Ga0004748_11	1469471	1470256	77,0,75
Ga0004748_11	551248	551691	77,0,75
Ga0004748_11	1454750	1456459	77,0,75
Ga0004748_15	2071273	2073057	77,0,75
Ga0004748_11	331499	332245	77,0,75
Ga0004748_11	471065	471835	77,0,75
Ga0004748_11	446612	448156	77,0,75
Ga0004748_15	1663588	1664061	77,0,75
Ga0004748_15	2074518	2076899	77,0,75
Ga0004748_12	20900	21676	77,0,75
Ga0004748_11	1727696	1729636	77,0,75
Ga0004748_11	163181	164737	77,0,75
Ga0004748_13	94943	95689	77,0,75
Ga0004748_15	1675247	1676116	77,0,75
Ga0004748_11	1366150	1366785	77,0,75
Ga0004748_11	554471	555556	77,0,75
Ga0004748_11	1207839	1208345	77,0,75
Ga0004748_13	136546	137655	77,0,75
Ga0004748_12	86460	86819	77,0,75
Ga0004748_13	94109	94594	77,0,75
Ga0004748_11	1721636	1722781	77,0,75
Ga0004748_11	528366	529013	77,0,75
Ga0004748_15	2073324	2074496	77,0,75
Ga0004748_13	95682	96632	77,0,75
Ga0004748_11	361074	362606	77,0,75
Ga0004748_12	197373	198278	77,0,75
Ga0004748_11	1366896	1367615	77,0,75
Ga0004748_11	1430522	1431157	77,0,75
Ga0004748_11	1208719	1209903	77,0,75
Ga0004748_11	553644	554387	77,0,75
Ga0004748_15	2333517	2333951	77,0,75
Ga0004748_15	1779239	1780024	77,0,75
Ga0004748_13	86190	88646	77,0,75
Ga0004748_11	1726105	1727646	77,0,75
Ga0004748_11	174549	175394	77,0,75
Ga0004748_11	33035	33901	77,0,75
Ga0004748_11	428107	429039	77,0,75
Ga0004748_11	789433	790626	77,0,75
Ga0004748_11	599464	599703	77,0,75
Ga0004748_11	1420612	1421274	77,0,75
Ga0004748_15	1728403	1730121	77,0,75
Ga0004748_15	1674285	1675259	77,0,75
Ga0004748_11	1756636	1757352	77,0,75
Ga0004748_11	1419929	1420627	77,0,75
Ga0004748_11	429071	430309	77,0,75
Ga0004748_11	1188130	1188714	2, 255, 250
Ga0004748_15	1799711	1802119	2, 255, 250
Ga0004748_11	531937	532860	2, 255, 250
Ga0004748_11	1223473	1224948	2, 255, 250
Ga0004748_11	745845	747038	2, 255, 250
Ga0004748_12	193609	193899	2, 255, 250
Ga0004748_15	1724856	1726112	2, 255, 250
Ga0004748_11	1922739	1923134	2, 255, 250
Ga0004748_11	455945	456838	2, 255, 250
Ga0004748_11	772201	772674	2, 255, 250
Ga0004748_15	1722549	1723151	2, 255, 250
Ga0004748_12	195387	196814	2, 255, 250
Ga0004748_12	328127	328864	2, 255, 250
Ga0004748_11	1221573	1222070	2, 255, 250
Ga0004748_12	193915	195372	2, 255, 250
Ga0004748_11	356522	357031	2, 255, 250
Ga0004748_11	1314861	1317962	2, 255, 250
Ga0004748_15	2149324	2149839	2, 255, 250
Ga0004748_11	1243785	1244351	2, 255, 250
Ga0004748_11	1307221	1308909	2, 255, 250
Ga0004748_11	1323945	1325243	2, 255, 250
Ga0004748_15	2225928	2227026	2, 255, 250
Ga0004748_15	2090081	2090602	2, 255, 250
Ga0004748_11	1731339	1731872	2, 255, 250
Ga0004748_15	1768088	1768633	2, 255, 250
Ga0004748_11	432204	433193	2, 255, 250
Ga0004748_11	477761	478279	2, 255, 250
Ga0004748_15	1770818	1771546	2, 255, 250
Ga0004748_12	294764	296194	2, 255, 250
Ga0004748_11	2002990	2003586	2, 255, 250
Ga0004748_11	1663971	1664477	2, 255, 250
Ga0004748_11	1930038	1930565	2, 255, 250
Ga0004748_12	360698	361228	2, 255, 250
Ga0004748_11	772837	773583	2, 255, 250
Ga0004748_11	1432961	1433491	2, 255, 250
Ga0004748_15	1747261	1747809	2, 255, 250
Ga0004748_15	2099988	2101622	2, 255, 250
Ga0004748_15	2138172	2139434	2, 255, 250
Ga0004748_15	2235151	2235693	2, 255, 250
Ga0004748_12	352068	352625	2, 255, 250
Ga0004748_12	209479	210855	2, 255, 250
Ga0004748_12	211017	212006	2, 255, 250
Ga0004748_11	690449	691177	2, 255, 250
Ga0004748_11	1776272	1777825	2, 255, 250
Ga0004748_15	1645018	1645374	2, 255, 250
Ga0004748_15	1645412	1645612	2, 255, 250
Ga0004748_15	1645634	1646134	2, 255, 250
Ga0004748_15	1646531	1648468	2, 255, 250
Ga0004748_11	1784344	1784937	2, 255, 250
Ga0004748_11	1714802	1715362	2, 255, 250
Ga0004748_12	326691	328070	2, 255, 250
Ga0004748_13	23671	24231	2, 255, 250
Ga0004748_11	240268	240726	98, 98, 0
Ga0004748_11	1979538	1980971	98, 98, 0
Ga0004748_15	2319903	2320811	98, 98, 0
Ga0004748_11	1645915	1647144	98, 98, 0
Ga0004748_13	151259	151456	98, 98, 0
Ga0004748_12	50423	51289	98, 98, 0
Ga0004748_11	820304	820501	98, 98, 0
Ga0004748_15	2236017	2236220	98, 98, 0
Ga0004748_11	264471	265247	98, 98, 0
Ga0004748_15	2109930	2110340	98, 98, 0
Ga0004748_15	993867	994079	98, 98, 0
Ga0004748_13	5001	5351	98, 98, 0
Ga0004748_12	297582	298460	98, 98, 0
Ga0004748_11	222653	224686	98, 98, 0
Ga0004748_11	1719143	1719796	98, 98, 0
Ga0004748_11	510017	510226	98, 98, 0
Ga0004748_15	1642280	1642897	98, 98, 0
Ga0004748_13	1327	1554	98, 98, 0
Ga0004748_11	88447	89310	98, 98, 0
Ga0004748_13	118926	119690	98, 98, 0
Ga0004748_11	97678	98037	98, 98, 0
Ga0004748_11	2021886	2022572	98, 98, 0
Ga0004748_12	290943	291194	98, 98, 0
Ga0004748_11	99262	99840	98, 98, 0
Ga0004748_11	1805281	1805472	98, 98, 0
Ga0004748_11	706061	706936	98, 98, 0
Ga0004748_13	26761	28707	98, 98, 0
Ga0004748_11	202002	202679	98, 98, 0
Ga0004748_15	2093727	2093948	98, 98, 0
Ga0004748_11	1812194	1812649	98, 98, 0
Ga0004748_11	768596	770533	98, 98, 0
Ga0004748_11	21993	22454	98, 98, 0
Ga0004748_11	1230729	1231274	98, 98, 0
Ga0004748_11	1995993	1996604	98, 98, 0
Ga0004748_15	2215625	2216518	98, 98, 0
Ga0004748_15	2216570	2216938	98, 98, 0
Ga0004748_11	1852376	1852873	98, 98, 0
Ga0004748_15	1676302	1676946	98, 98, 0
Ga0004748_15	1776560	1776883	98, 98, 0
Ga0004748_15	1740181	1741179	98, 98, 0
Ga0004748_11	1670555	1671124	98, 98, 0
Ga0004748_13	60140	60541	98, 98, 0
Ga0004748_13	60541	62463	98, 98, 0
Ga0004748_11	95614	96108	98, 98, 0
Ga0004748_11	320274	320810	98, 98, 0
Ga0004748_11	61195	63135	98, 98, 0
Ga0004748_15	1748762	1749175	98, 98, 0
Ga0004748_11	1466662	1467042	98, 98, 0
Ga0004748_11	1905093	1906526	98, 98, 0
Ga0004748_12	329196	330599	98, 98, 0
Ga0004748_11	1239696	1241111	98, 98, 0
Ga0004748_15	2240098	2240412	98, 98, 0
Ga0004748_11	1807076	1807354	98, 98, 0
Ga0004748_11	389888	390091	98, 98, 0
Ga0004748_11	314994	315575	98, 98, 0
Ga0004748_15	2135538	2135882	98, 98, 0
Ga0004748_11	574723	575169	98, 98, 0
Ga0004748_13	141443	141973	98, 98, 0
Ga0004748_11	302377	302910	98, 98, 0
Ga0004748_11	1792826	1794274	98, 98, 0
Ga0004748_11	350168	350740	98, 98, 0
Ga0004748_11	275090	275770	98, 98, 0
Ga0004748_15	2267110	2267994	98, 98, 0
Ga0004748_15	1717726	1718565	98, 98, 0
Ga0004748_15	1719646	1720284	98, 98, 0
Ga0004748_12	54120	55097	98, 98, 0
Ga0004748_11	2005873	2006274	98, 98, 0
Ga0004748_13	35595	35888	98, 98, 0
Ga0004748_15	1778688	1779167	98, 98, 0
Ga0004748_15	2154447	2154878	98, 98, 0
Ga0004748_11	1892886	1893381	98, 98, 0
Ga0004748_11	1895277	1896500	98, 98, 0
Ga0004748_15	2213977	2214174	98, 98, 0
Ga0004748_11	372835	373320	98, 98, 0
Ga0004748_11	246577	247143	98, 98, 0
Ga0004748_15	2248809	2251484	98, 98, 0
Ga0004748_13	123548	124009	98, 98, 0
Ga0004748_13	126860	127063	98, 98, 0
Ga0004748_15	2301552	2304308	98, 98, 0
Ga0004748_12	90233	92401	98, 98, 0
Ga0004748_11	1163284	1164726	98, 98, 0
Ga0004748_11	296256	296705	98, 98, 0
Ga0004748_11	1762233	1763327	98, 98, 0
Ga0004748_13	197196	197579	98, 98, 0
Ga0004748_11	611656	612075	98, 98, 0
Ga0004748_11	1172433	1172720	98, 98, 0
Ga0004748_11	1898172	1898969	98, 98, 0
Ga0004748_12	289006	289587	98, 98, 0
Ga0004748_15	2212208	2212969	98, 98, 0
Ga0004748_11	117819	118157	98, 98, 0
Ga0004748_11	309608	310165	98, 98, 0
Ga0004748_13	25985	26434	98, 98, 0
Ga0004748_11	1757700	1758038	98, 98, 0
Ga0004748_11	1707864	1708397	98, 98, 0
Ga0004748_15	2069860	2070408	98, 98, 0
Ga0004748_11	391309	391890	98, 98, 0
Ga0004748_11	296803	297363	98, 98, 0
Ga0004748_11	1765868	1767238	98, 98, 0
Ga0004748_11	828766	829611	98, 98, 0
Ga0004748_11	5672	6367	98, 98, 0
Ga0004748_15	2311615	2311806	98, 98, 0
Ga0004748_11	542456	543112	98, 98, 0
Ga0004748_11	594061	594513	98, 98, 0
Ga0004748_11	2033467	2033814	98, 98, 0
Ga0004748_11	357226	358239	98, 98, 0
Ga0004748_15	2180317	2181345	98, 98, 0
Ga0004748_11	2059341	2061002	98, 98, 0
Ga0004748_11	2003583	2004368	98, 98, 0
Ga0004748_15	2168109	2170541	98, 98, 0
Ga0004748_11	657308	657970	98, 98, 0
Ga0004748_13	165955	166485	98, 98, 0
Ga0004748_11	347542	347943	98, 98, 0
Ga0004748_15	1652657	1653118	98, 98, 0
Ga0004748_11	347946	349895	98, 98, 0
Ga0004748_11	1743937	1745163	98, 98, 0
Ga0004748_11	1804727	1805080	98, 98, 0
Ga0004748_11	1755568	1756372	98, 98, 0
Ga0004748_11	1260537	1261115	98, 98, 0
Ga0004748_15	2082333	2083091	98, 98, 0
Ga0004748_11	1145756	1146757	98, 98, 0
Ga0004748_15	2181737	2183044	98, 98, 0
Ga0004748_15	2306674	2307111	98, 98, 0
Ga0004748_15	1684515	1685828	98, 98, 0
Ga0004748_11	1386366	1387220	98, 98, 0
Ga0004748_12	200797	202164	98, 98, 0
Ga0004748_15	1726714	1727259	98, 98, 0
Ga0004748_15	2152427	2152861	98, 98, 0
Ga0004748_11	243972	244283	98, 98, 0
Ga0004748_11	566127	566909	98, 98, 0
Ga0004748_13	177425	177874	98, 98, 0
Ga0004748_11	1214683	1215270	98, 98, 0
Ga0004748_11	588932	589312	98, 98, 0
Ga0004748_15	998848	1000557	98, 98, 0
Ga0004748_11	1795500	1796189	98, 98, 0
Ga0004748_11	1423624	1425003	98, 98, 0
Ga0004748_11	1819705	1819905	98, 98, 0
Ga0004748_11	537746	538861	98, 98, 0
Ga0004748_11	751310	754114	98, 98, 0
Ga0004748_12	173349	174218	98, 98, 0
Ga0004748_12	192517	192999	98, 98, 0
Ga0004748_11	53954	55153	98, 98, 0
Ga0004748_11	1354183	1354401	98, 98, 0
Ga0004748_15	2242374	2243504	98, 98, 0
Ga0004748_15	1657516	1660149	3, 254, 1
Ga0004748_15	2060798	2061142	3, 254, 1
Ga0004748_12	176858	179107	3, 254, 1
Ga0004748_11	1194818	1195270	3, 254, 1
Ga0004748_15	1656673	1657503	3, 254, 1
Ga0004748_12	268396	270585	3, 254, 1
Ga0004748_11	1917101	1918231	3, 254, 1
Ga0004748_11	819054	819713	3, 254, 1
Ga0004748_11	1696685	1697713	3, 254, 1
Ga0004748_13	142293	142850	3, 254, 1
Ga0004748_15	1678303	1681629	3, 254, 1
Ga0004748_15	2237045	2238394	3, 254, 1
Ga0004748_11	756373	757080	3, 254, 1
Ga0004748_11	2039864	2041981	3, 254, 1
Ga0004748_15	2143237	2144295	3, 254, 1
Ga0004748_11	1256017	1257186	3, 254, 1
Ga0004748_15	1704927	1705913	3, 254, 1
Ga0004748_11	757096	757743	3, 254, 1
Ga0004748_15	1857653	1858747	3, 254, 1
Ga0004748_11	179590	180543	3, 254, 1
Ga0004748_11	475171	477237	3, 254, 1
Ga0004748_11	816906	817292	3, 254, 1
Ga0004748_11	767073	768212	3, 254, 1
Ga0004748_11	397106	400831	3, 254, 1
Ga0004748_11	1463041	1466130	3, 254, 1
Ga0004748_12	179122	181131	3, 254, 1
Ga0004748_12	325817	326680	3, 254, 1
Ga0004748_11	1941749	1942189	3, 254, 1
Ga0004748_11	152820	153437	3, 254, 1
Ga0004748_11	1975518	1976006	3, 254, 1
Ga0004748_12	84839	85801	3, 254, 1
Ga0004748_15	1650123	1651061	3, 254, 1
Ga0004748_11	1799761	1800870	3, 254, 1
Ga0004748_11	787742	788608	3, 254, 1
Ga0004748_12	358221	359318	3, 254, 1
Ga0004748_15	2208986	2210962	3, 254, 1
Ga0004748_11	393594	397109	3, 254, 1
Ga0004748_11	724507	724779	3, 254, 1
Ga0004748_11	217205	218494	3, 254, 1
Ga0004748_12	83156	84745	3, 254, 1
Ga0004748_11	1461887	1463044	3, 254, 1
Ga0004748_12	57775	58539	3, 254, 1
Ga0004748_11	740634	741275	3, 254, 1
Ga0004748_13	103153	104313	3, 254, 1
Ga0004748_15	2206104	2208989	3, 254, 1
Ga0004748_15	1651095	1652504	3, 254, 1
Ga0004748_11	1383377	1384270	48, 129, 1
Ga0004748_15	2290675	2291976	48, 129, 1
Ga0004748_15	2139803	2140720	48, 129, 1
Ga0004748_15	2077378	2078220	48, 129, 1
Ga0004748_13	84607	85173	48, 129, 1
Ga0004748_15	2292651	2294165	48, 129, 1
Ga0004748_15	2246707	2247780	48, 129, 1
Ga0004748_11	469118	470089	48, 129, 1
Ga0004748_13	85199	86065	48, 129, 1
Ga0004748_12	80325	81410	48, 129, 1
Ga0004748_11	232824	233486	48, 129, 1
Ga0004748_11	1152756	1153295	48, 129, 1
Ga0004748_15	1818481	1819623	48, 129, 1
Ga0004748_11	1437725	1438723	48, 129, 1
Ga0004748_15	2286348	2288084	48, 129, 1
Ga0004748_15	1839116	1841185	48, 129, 1
Ga0004748_13	138848	140608	48, 129, 1
Ga0004748_12	13709	15511	48, 129, 1
Ga0004748_12	86976	87926	48, 129, 1
Ga0004748_11	154839	159410	48, 129, 1
Ga0004748_11	1858386	1860512	48, 129, 1
Ga0004748_15	2310036	2311229	48, 129, 1
Ga0004748_11	467811	468548	48, 129, 1
Ga0004748_11	1711370	1713502	48, 129, 1
Ga0004748_15	1764758	1765555	48, 129, 1
Ga0004748_12	81474	82850	48, 129, 1
Ga0004748_11	468557	469102	48, 129, 1
Ga0004748_11	744713	745858	48, 129, 1
Ga0004748_11	1771281	1772138	48, 129, 1
Ga0004748_12	216839	217948	48, 129, 1
Ga0004748_11	177847	179439	48, 129, 1
Ga0004748_11	599772	600938	48, 129, 1
Ga0004748_11	1322196	1323560	48, 129, 1
Ga0004748_11	1705492	1707459	48, 129, 1
Ga0004748_11	1402992	1404503	48, 129, 1
Ga0004748_11	2066937	2068118	48, 129, 1
Ga0004748_11	796117	797169	48, 129, 1
Ga0004748_11	2071139	2072191	48, 129, 1
Ga0004748_11	277025	278011	48, 129, 1
Ga0004748_11	1244915	1245400	48, 129, 1
Ga0004748_12	88044	89213	48, 129, 1
Ga0004748_11	2031886	2032398	48, 129, 1
Ga0004748_11	1376850	1377836	48, 129, 1
Ga0004748_11	1200494	1201570	48, 129, 1
Ga0004748_15	1756425	1757357	48, 129, 1
Ga0004748_15	2322125	2323447	48, 129, 1
Ga0004748_11	1351825	1352520	48, 129, 1
Ga0004748_11	794131	795345	48, 129, 1
Ga0004748_13	83654	84610	48, 129, 1
Ga0004748_11	1709226	1710986	48, 129, 1
Ga0004748_15	2243542	2244657	48, 129, 1
Ga0004748_11	795320	796120	48, 129, 1
Ga0004748_11	426772	427644	48, 129, 1
Ga0004748_13	20097	22622	48, 129, 1
Ga0004748_15	1813162	1813836	48, 129, 1
Ga0004748_15	2320953	2321975	48, 129, 1
Ga0004748_12	141845	142789	48, 129, 1
Ga0004748_11	598292	599467	48, 129, 1
Ga0004748_11	687919	689043	48, 129, 1
Ga0004748_15	2203612	2204424	48, 129, 1
Ga0004748_11	70584	71687	48, 129, 1
Ga0004748_15	2325167	2326195	48, 129, 1
Ga0004748_11	110564	111664	48, 129, 1
Ga0004748_15	2327547	2328482	48, 129, 1
Ga0004748_15	2244732	2246099	48, 129, 1
Ga0004748_11	470102	470956	48, 129, 1
Ga0004748_11	1747460	1748308	48, 129, 1
Ga0004748_11	1192958	1193617	48, 129, 1
Ga0004748_15	1749297	1750607	48, 129, 1
Ga0004748_13	117205	118557	48, 129, 1
Ga0004748_15	2317897	2318889	48, 129, 1
Ga0004748_11	1794279	1795193	48, 129, 1
Ga0004748_11	758291	760984	48, 129, 1
Ga0004748_11	336191	338308	48, 129, 1
Ga0004748_11	672617	674659	48, 129, 1
Ga0004748_11	791996	792634	48, 129, 1
Ga0004748_11	514786	516072	48, 129, 1
Ga0004748_11	1862657	1863337	48, 129, 1
Ga0004748_12	343989	344954	48, 129, 1
Ga0004748_15	2329929	2330588	48, 129, 1
Ga0004748_15	2238522	2239949	48, 129, 1
Ga0004748_11	1445760	1448258	48, 129, 1
Ga0004748_12	143673	145604	48, 129, 1
Ga0004748_12	350298	351464	48, 129, 1
Ga0004748_11	637861	639747	48, 129, 1
Ga0004748_11	1222082	1222822	48, 129, 1
Ga0004748_15	1738373	1738771	48, 129, 1
Ga0004748_15	2282814	2284742	48, 129, 1
Ga0004748_15	2171913	2172605	48, 129, 1
Ga0004748_13	82760	83608	48, 129, 1
Ga0004748_11	1884385	1886523	48, 129, 1
Ga0004748_15	2330609	2331529	48, 129, 1
Ga0004748_11	1233243	1234469	48, 129, 1
Ga0004748_12	342748	343992	48, 129, 1
Ga0004748_12	137611	138687	48, 129, 1
Ga0004748_15	2324337	2325155	48, 129, 1
Ga0004748_11	1363925	1365910	48, 129, 1
Ga0004748_13	99217	100239	48, 129, 1
Ga0004748_15	2326167	2327543	48, 129, 1
Ga0004748_15	2341532	2342836	48, 129, 1
Ga0004748_11	1952171	1953601	48, 129, 1
Ga0004748_15	2323510	2324298	48, 129, 1
Ga0004748_15	2221756	2223243	48, 129, 1
Ga0004748_11	790627	791370	48, 129, 1
Ga0004748_11	546261	546983	255, 254, 5
Ga0004748_11	381219	382946	255, 254, 5
Ga0004748_11	1178396	1180378	255, 254, 5
Ga0004748_15	2080146	2082146	255, 254, 5
Ga0004748_15	2103291	2104985	255, 254, 5
Ga0004748_15	2105199	2106890	255, 254, 5
Ga0004748_12	274394	276136	255, 254, 5
Ga0004748_11	267112	267969	255, 254, 5
Ga0004748_11	445856	446539	100, 153, 255
Ga0004748_12	223006	224532	100, 153, 255
Ga0004748_11	1676917	1681158	100, 153, 255
Ga0004748_15	2055159	2055944	100, 153, 255
Ga0004748_15	2193842	2194423	100, 153, 255
Ga0004748_13	180790	181629	100, 153, 255
Ga0004748_12	224547	225110	100, 153, 255
Ga0004748_15	2053851	2055143	100, 153, 255
Ga0004748_11	1226921	1227889	100, 153, 255
Ga0004748_15	2167393	2167860	100, 153, 255
Ga0004748_12	349153	349884	100, 153, 255
Ga0004748_15	2199655	2200611	100, 153, 255
Ga0004748_15	2050764	2052161	100, 153, 255
Ga0004748_13	78668	79384	100, 153, 255
Ga0004748_15	2181482	2181727	100, 153, 255
Ga0004748_11	35870	36289	100, 153, 255
Ga0004748_13	70158	71825	100, 153, 255
Ga0004748_11	1263874	1264356	100, 153, 255
Ga0004748_11	693567	694724	100, 153, 255
Ga0004748_11	423030	425630	100, 153, 255
Ga0004748_12	100180	100872	100, 153, 255
Ga0004748_12	101330	102346	100, 153, 255
Ga0004748_11	2061713	2062957	100, 153, 255
Ga0004748_15	1759469	1759783	100, 153, 255
Ga0004748_11	307663	308532	100, 153, 255
Ga0004748_11	2021283	2021864	100, 153, 255
Ga0004748_11	364211	365038	100, 153, 255
Ga0004748_11	691284	691805	100, 153, 255
Ga0004748_12	373674	374129	100, 153, 255
Ga0004748_11	710558	711538	100, 153, 255
Ga0004748_11	580625	581341	100, 153, 255
Ga0004748_12	107261	108895	100, 153, 255
Ga0004748_15	1706113	1706613	100, 153, 255
Ga0004748_11	691927	693552	100, 153, 255
Ga0004748_11	1226490	1226918	100, 153, 255
Ga0004748_11	51010	51240	100, 153, 255
Ga0004748_11	192679	193299	100, 153, 255
Ga0004748_11	379814	381082	100, 153, 255
Ga0004748_12	106938	107222	100, 153, 255
Ga0004748_11	1438926	1439777	100, 153, 255
Ga0004748_11	1373334	1373795	100, 153, 255
Ga0004748_11	707014	707622	100, 153, 255
Ga0004748_11	430416	431204	100, 153, 255
Ga0004748_11	418793	419650	100, 153, 255
Ga0004748_11	1826623	1827333	100, 153, 255
Ga0004748_12	374423	374857	255, 0, 205
Ga0004748_11	265317	265757	255, 0, 205
Ga0004748_11	49252	49812	255, 0, 205
Ga0004748_12	280403	281176	255, 0, 205
Ga0004748_11	1182886	1183329	255, 0, 205
Ga0004748_13	2694	4457	255, 0, 205
Ga0004748_12	300529	301320	255, 0, 205
Ga0004748_15	2058553	2059743	255, 0, 205
Ga0004748_11	1204810	1205751	255, 0, 205
Ga0004748_15	2062005	2062370	255, 0, 205
Ga0004748_11	18854	19435	255, 0, 205
Ga0004748_11	1467643	1468845	255, 0, 205
Ga0004748_12	309551	311476	255, 0, 205
Ga0004748_11	1702630	1703958	255, 0, 205
Ga0004748_15	2162396	2163412	255, 0, 205
Ga0004748_11	645345	646967	255, 0, 205
Ga0004748_15	2161360	2162376	255, 0, 205
Ga0004748_15	1842220	1843227	255, 0, 205
Ga0004748_12	319630	320685	255, 0, 205
Ga0004748_11	549480	550799	255, 0, 205
Ga0004748_15	1843996	1844802	255, 0, 205
Ga0004748_15	2115451	2115891	255, 0, 205
Ga0004748_11	1865999	1866799	255, 0, 205
Ga0004748_15	1843239	1844003	255, 0, 205
Ga0004748_11	7085	7837	255, 0, 205
Ga0004748_11	644585	645196	255, 0, 205
Ga0004748_15	2313783	2314817	255, 0, 205
Ga0004748_15	2252271	2253452	255, 0, 205
Ga0004748_11	1378076	1379038	255, 0, 205
Ga0004748_11	412447	413679	255, 0, 205
Ga0004748_11	86791	87978	255, 0, 205
Ga0004748_11	98449	98793	255, 0, 205
Ga0004748_11	98796	99110	255, 0, 205
Ga0004748_11	16747	18837	255, 0, 205
Ga0004748_12	304199	306865	255, 0, 205
Ga0004748_11	686892	687806	255, 0, 205
Ga0004748_11	1699058	1699969	255, 0, 205
Ga0004748_15	2056183	2056989	255, 0, 205
Ga0004748_15	2159550	2160302	255, 0, 205
Ga0004748_12	49081	50001	255, 0, 205
Ga0004748_11	7834	8835	255, 0, 205
Ga0004748_11	1281109	1282278	255, 0, 205
Ga0004748_11	123713	125710	255, 0, 205
Ga0004748_11	51652	51948	255, 0, 205
Ga0004748_11	363123	364178	255, 0, 205
Ga0004748_11	410716	412182	255, 0, 205
Ga0004748_11	15066	16733	255, 0, 205
Ga0004748_11	1915046	1915672	255, 0, 205
Ga0004748_11	76176	76745	255, 0, 205
Ga0004748_15	2117868	2118374	255, 0, 205
Ga0004748_15	2160299	2161363	255, 0, 205
Ga0004748_12	48114	48920	255, 0, 205
Ga0004748_11	827333	828496	255, 0, 205
Ga0004748_11	166277	167746	255, 0, 205
Ga0004748_12	189444	190298	255, 0, 205
Ga0004748_11	51278	51637	255, 0, 205
Ga0004748_15	2272410	2273768	255, 0, 205
Ga0004748_11	548391	549185	255, 0, 205
Ga0004748_12	203656	203979	255, 0, 205
Ga0004748_15	2057060	2057872	255, 0, 205
Ga0004748_15	1804126	1805349	255, 0, 205
Ga0004748_12	22357	23397	255, 0, 205
Ga0004748_12	187748	188767	255, 0, 205
Ga0004748_11	1628869	1630011	255, 0, 205
Ga0004748_11	1431147	1432028	255, 0, 205
Ga0004748_11	561219	562976	255, 0, 205
Ga0004748_15	1791477	1791782	255, 0, 205
Ga0004748_15	1805353	1805850	255, 0, 205
Ga0004748_12	191215	192437	255, 0, 205
Ga0004748_11	478373	479104	255, 0, 205
Ga0004748_11	444836	445510	255, 0, 205
Ga0004748_11	614831	616174	255, 0, 205
Ga0004748_12	23410	24222	255, 0, 205
Ga0004748_11	1287493	1287810	255, 0, 205
Ga0004748_11	643436	644572	255, 0, 205
Ga0004748_11	547337	548188	255, 0, 205
Ga0004748_12	47434	48108	255, 0, 205
Ga0004748_12	282168	282917	255, 0, 205
Ga0004748_11	1924750	1926377	255, 0, 205
Ga0004748_11	444391	444786	255, 0, 205
Ga0004748_15	2057895	2058560	255, 0, 205
Ga0004748_11	6336	7085	255, 0, 205
Ga0004748_12	303080	304162	255, 0, 205
Ga0004748_11	559121	560197	255, 0, 205
Ga0004748_11	556868	558217	255, 0, 205
Ga0004748_15	2155046	2155627	255, 0, 205
Ga0004748_11	273829	275013	255, 0, 205
Ga0004748_12	188757	189422	255, 0, 205
Ga0004748_11	782312	783145	255, 0, 205
Ga0004748_11	1191477	1192427	255, 0, 205
Ga0004748_11	365921	366994	255, 0, 205
Ga0004748_12	281173	282171	255, 0, 205
Ga0004748_15	996019	998742	255, 0, 205
Ga0004748_15	2112900	2113394	255, 0, 205
Ga0004748_11	365050	365907	255, 0, 205
Ga0004748_12	21714	22382	255, 0, 205
Ga0004748_11	56502	58157	255, 0, 205
Ga0004748_11	671685	672305	255, 0, 205
Ga0004748_15	2111696	2112895	255, 0, 205
Ga0004748_15	1850987	1851550	255, 0, 205
Ga0004748_11	670675	671673	255, 0, 205
Ga0004748_15	2155662	2156132	255, 0, 205
Ga0004748_11	1382113	1382661	255, 202, 1
Ga0004748_13	7878	8684	255, 202, 1
Ga0004748_11	1473135	1474028	255, 202, 1
Ga0004748_11	1153611	1155419	255, 202, 1
Ga0004748_11	1848639	1849874	255, 202, 1
Ga0004748_12	74959	75915	255, 202, 1
Ga0004748_11	814981	815541	255, 202, 1
Ga0004748_12	75875	77053	255, 202, 1
Ga0004748_11	1944648	1945415	255, 202, 1
Ga0004748_11	595061	595615	255, 202, 1
Ga0004748_12	276274	279855	255, 202, 1
Ga0004748_12	352867	353997	255, 202, 1
Ga0004748_11	451891	452784	255, 202, 1
Ga0004748_12	121359	122090	255, 202, 1
Ga0004748_11	1767726	1769159	255, 202, 1
Ga0004748_11	1627969	1628691	255, 202, 1
Ga0004748_11	403776	404675	255, 202, 1
Ga0004748_11	1155480	1157318	255, 202, 1
Ga0004748_11	1471494	1473110	255, 202, 1
Ga0004748_11	1853014	1854228	255, 202, 1
Ga0004748_11	151647	152405	255, 202, 1
Ga0004748_15	2151828	2152385	255, 202, 1
Ga0004748_11	1293066	1293905	255, 202, 1
Ga0004748_11	2000514	2002364	255, 202, 1
Ga0004748_12	186720	187277	255, 202, 1
Ga0004748_11	1474062	1481219	255, 202, 1
Ga0004748_11	1958419	1965435	255, 202, 1
Ga0004748_11	1790382	1791623	150,102,0
Ga0004748_15	1708997	1710565	150,102,0
Ga0004748_11	1760123	1760875	150,102,0
Ga0004748_12	321599	322726	150,102,0
Ga0004748_15	1763593	1764246	150,102,0
Ga0004748_15	1762669	1763523	150,102,0
Ga0004748_11	153572	154444	150,102,0
Ga0004748_11	93576	93977	150,102,0
Ga0004748_11	2023814	2024248	150,102,0
Ga0004748_11	1388540	1389577	150,102,0
Ga0004748_13	9017	10996	150,102,0
Ga0004748_11	343574	345940	150,102,0
Ga0004748_11	1817631	1818485	150,102,0
Ga0004748_11	1188739	1189641	150,102,0
Ga0004748_11	592736	593749	150,102,0
Ga0004748_11	823836	825386	150,102,0
Ga0004748_11	1782695	1784323	150,102,0
Ga0004748_11	1818739	1819458	150,102,0
Ga0004748_11	1412113	1413468	150,102,0
Ga0004748_11	452784	453182	150,102,0
Ga0004748_12	319034	319450	150,102,0
Ga0004748_13	157968	158156	150,102,0
Ga0004748_13	74929	75927	150,102,0
Ga0004748_15	2184787	2185671	150,102,0
Ga0004748_11	1249277	1250062	150,102,0
Ga0004748_12	225703	226932	150,102,0
Ga0004748_11	1189806	1190756	150,102,0
Ga0004748_15	2070412	2071134	150,102,0
Ga0004748_13	77519	78184	150,102,0
Ga0004748_11	529125	531317	150,102,0
Ga0004748_11	1854337	1854915	150,102,0
Ga0004748_15	2065859	2066872	150,102,0
Ga0004748_11	1184118	1185062	150,102,0
Ga0004748_11	718522	719832	150,102,0
Ga0004748_11	52531	53295	150,102,0
Ga0004748_15	2126441	2127079	150,102,0
Ga0004748_15	1846497	1847168	150,102,0
Ga0004748_11	1205950	1206846	150,102,0
Ga0004748_11	1177145	1178194	150,102,0
Ga0004748_12	43739	44572	150,102,0
Ga0004748_11	705285	706061	150,102,0
Ga0004748_11	304600	306936	150,102,0
Ga0004748_15	2236341	2236913	150,102,0
Ga0004748_12	215202	215909	150,102,0
Ga0004748_11	31531	32832	150,102,0
Ga0004748_11	1267879	1268841	150,102,0
Ga0004748_11	238137	238721	150,102,0
Ga0004748_15	1682637	1683569	150,102,0
Ga0004748_11	1773841	1774473	150,102,0
Ga0004748_11	290311	291183	150,102,0
Ga0004748_15	2170684	2171427	150,102,0
Ga0004748_12	221017	222132	150,102,0
Ga0004748_11	1452234	1453670	150,102,0
Ga0004748_15	1637829	1638542	150,102,0
Ga0004748_11	1345541	1346416	150,102,0
Ga0004748_12	71327	72199	150,102,0
Ga0004748_11	89466	90350	150,102,0
Ga0004748_11	581360	581857	150,102,0
Ga0004748_11	310464	310826	150,102,0
Ga0004748_15	2147339	2148886	150,102,0
Ga0004748_15	1817278	1817790	150,102,0
Ga0004748_11	839781	840383	150,102,0
Ga0004748_12	99726	100199	150,102,0
Ga0004748_15	2133145	2133984	150,102,0
Ga0004748_13	158922	159752	150,102,0
Ga0004748_11	1387383	1388246	150,102,0
Ga0004748_11	94497	95459	150,102,0
Ga0004748_12	370565	371578	150,102,0
Ga0004748_11	1348052	1348714	150,102,0
Ga0004748_13	148363	149139	150,102,0
Ga0004748_13	75924	76715	150,102,0
Ga0004748_11	22583	23437	150,102,0
Ga0004748_11	1299411	1301306	150,102,0
Ga0004748_11	2036162	2038237	150,102,0
Ga0004748_11	1855091	1855942	150,102,0
Ga0004748_11	1760954	1761901	150,102,0
Ga0004748_11	602946	604115	150,102,0
Ga0004748_11	1982146	1983075	150,102,0
Ga0004748_11	1372712	1373299	150,102,0
Ga0004748_15	1636982	1637539	150,102,0
Ga0004748_11	2013366	2014211	150,102,0
Ga0004748_15	1811423	1812382	150,102,0
Ga0004748_11	1946787	1947479	150,102,0
Ga0004748_11	49851	50987	150,102,0
Ga0004748_11	335560	336063	150,102,0
Ga0004748_11	1399551	1400087	150,102,0
Ga0004748_12	198419	199162	150,102,0
Ga0004748_11	1298767	1299414	150,102,0
Ga0004748_15	1757967	1758581	150,102,0
Ga0004748_11	1218606	1218935	150,102,0
Ga0004748_11	1759212	1760006	150,102,0
Ga0004748_11	103642	105852	150,102,0
Ga0004748_12	62829	64709	150,102,0
Ga0004748_15	1669071	1670189	150,102,0
Ga0004748_11	96773	97543	150,102,0
Ga0004748_13	76718	77506	150,102,0
Ga0004748_12	355124	355936	150,102,0
Ga0004748_11	665422	666519	150,102,0
Ga0004748_11	496725	498059	150,102,0
Ga0004748_13	72563	73342	150,102,0
Ga0004748_13	96629	97048	150,102,0
Ga0004748_12	272580	273893	150,102,0
Ga0004748_12	181148	182344	150,102,0
Ga0004748_15	2068682	2069395	150,102,0
Ga0004748_15	2216943	2217488	150,102,0
Ga0004748_12	182441	183211	150,102,0
Ga0004748_15	1744249	1744806	150,102,0
Ga0004748_11	220629	221396	150,102,0
Ga0004748_11	258797	259705	150,102,0
Ga0004748_12	372367	373152	150,102,0
Ga0004748_11	448237	449481	150,102,0
Ga0004748_11	1442983	1443690	150,102,0
Ga0004748_11	834433	835158	150,102,0
Ga0004748_11	1429689	1430444	150,102,0
Ga0004748_13	51531	52775	150,102,0
Ga0004748_13	56078	57220	150,102,0
Ga0004748_11	1203097	1204476	150,102,0
Ga0004748_11	1266665	1267879	150,102,0
Ga0004748_15	2202348	2202860	150,102,0
Ga0004748_12	176156	176845	150,102,0
Ga0004748_15	1006551	1007228	150,102,0
Ga0004748_11	1294459	1296060	150,102,0
Ga0004748_11	1344123	1345463	150,102,0
Ga0004748_11	332334	333269	150,102,0
Ga0004748_11	477337	477759	150,102,0
Ga0004748_13	47289	47963	150,102,0
Ga0004748_13	143313	145559	150,102,0
Ga0004748_11	649810	651165	150,102,0
Ga0004748_11	689036	689632	150,102,0
Ga0004748_13	128882	129946	150,102,0
Ga0004748_11	498160	498648	150,102,0
Ga0004748_11	1929076	1929498	150,102,0
Ga0004748_11	1162551	1163165	150,102,0
Ga0004748_13	193291	195294	150,102,0
Ga0004748_11	1715879	1716721	150,102,0
Ga0004748_11	1229803	1230579	150,102,0
Ga0004748_11	283354	284298	150,102,0
Ga0004748_11	1359666	1360598	150,102,0
Ga0004748_15	2117491	2117814	150,102,0
Ga0004748_13	119710	120330	150,102,0
Ga0004748_11	118889	119437	150,102,0
Ga0004748_11	839565	839753	150,102,0
Ga0004748_15	1773535	1774806	150,102,0
Ga0004748_15	1771588	1773240	150,102,0
Ga0004748_11	1400089	1401318	150,102,0
Ga0004748_15	1737318	1738244	150,102,0
Ga0004748_15	2281361	2281852	150,102,0
Ga0004748_11	1371402	1372376	150,102,0
Ga0004748_11	1993915	1994544	150,102,0
Ga0004748_11	225014	225772	150,102,0
Ga0004748_11	742392	742790	150,102,0
Ga0004748_11	168077	169597	150,102,0
Ga0004748_11	579479	580141	150,102,0
Ga0004748_11	1864306	1866006	150,102,0
Ga0004748_11	669757	670557	150,102,0
Ga0004748_11	123174	123689	150,102,0
Ga0004748_12	357091	358071	150,102,0
Ga0004748_13	50256	51527	150,102,0
Ga0004748_11	194451	194843	150,102,0
Ga0004748_15	2109183	2109878	150,102,0
Ga0004748_13	69103	70137	150,102,0
Ga0004748_11	368338	369444	150,102,0
Ga0004748_15	2116839	2117402	150,102,0
Ga0004748_12	85794	86366	150,102,0
Ga0004748_11	118326	118865	150,102,0
Ga0004748_11	1920332	1921294	150,102,0
Ga0004748_11	562998	563792	150,102,0
Ga0004748_15	1838097	1838906	150,102,0
Ga0004748_15	2197093	2197974	150,102,0
Ga0004748_11	597182	598270	150,102,0
Ga0004748_11	761051	761653	150,102,0
Ga0004748_12	111228	112553	150,102,0
Ga0004748_11	1851415	1852047	150,102,0
Ga0004748_11	1353031	1353519	150,102,0
Ga0004748_11	1823747	1825423	150,102,0
Ga0004748_15	2328495	2329898	150,102,0
Ga0004748_11	1358661	1359302	150,102,0
Ga0004748_11	47051	48715	150,102,0
Ga0004748_11	781548	782006	150,102,0
Ga0004748_13	203926	204510	150,102,0
Ga0004748_11	1212032	1213339	150,102,0
Ga0004748_11	1282985	1283902	150,102,0
Ga0004748_12	291264	292547	150,102,0
Ga0004748_11	358611	359345	150,102,0
Ga0004748_11	1367657	1368313	150,102,0
Ga0004748_12	354137	355042	150,102,0
Ga0004748_11	1927497	1928348	150,102,0
Ga0004748_11	792691	794127	150,102,0
Ga0004748_15	1727762	1728319	150,102,0
Ga0004748_12	371571	372362	150,102,0
Ga0004748_11	116180	117187	150,102,0
Ga0004748_11	1915923	1916348	150,102,0
Ga0004748_15	2146140	2147333	150,102,0
Ga0004748_11	777558	781217	150,102,0
Ga0004748_15	1732933	1733787	150,102,0
Ga0004748_15	1670802	1671191	150,102,0
Ga0004748_15	2202894	2203544	150,102,0
Ga0004748_12	100887	101330	150,102,0
Ga0004748_11	193625	194446	150,102,0
Ga0004748_15	2107011	2107328	150,102,0
Ga0004748_12	102830	104818	150,102,0
Ga0004748_11	1919444	1920277	150,102,0
Ga0004748_15	2172602	2172970	150,102,0
Ga0004748_11	1355196	1355627	150,102,0
Ga0004748_11	119500	121239	150,102,0
Ga0004748_12	292656	293969	150,102,0
Ga0004748_11	1210900	1211523	150,102,0
Ga0004748_12	105798	106547	150,102,0
Ga0004748_15	1686274	1686957	150,102,0
Ga0004748_15	1742783	1743805	150,102,0
Ga0004748_12	104951	105580	150,102,0
Ga0004748_12	283312	284856	150,102,0
Ga0004748_15	2098722	2099624	150,102,0
Ga0004748_11	421339	422148	150,102,0
Ga0004748_11	739852	740532	150,102,0
Ga0004748_15	1644094	1644585	151, 149, 26
Ga0004748_12	214589	215107	151, 149, 26
Ga0004748_11	700325	700903	151, 149, 26
Ga0004748_11	93017	93421	151, 149, 26
Ga0004748_15	2358407	2359192	151, 149, 26
Ga0004748_11	148945	149505	151, 149, 26
Ga0004748_15	1828006	1828926	151, 149, 26
Ga0004748_11	701572	702633	151, 149, 26
Ga0004748_11	591712	592488	151, 149, 26
Ga0004748_15	2063677	2063940	151, 149, 26
Ga0004748_11	533598	534425	151, 149, 26
Ga0004748_11	1450328	1450618	151, 149, 26
Ga0004748_11	79963	80568	151, 149, 26
Ga0004748_11	330765	331502	151, 149, 26
Ga0004748_11	1682370	1682837	151, 149, 26
Ga0004748_11	1338036	1339418	151, 149, 26
Ga0004748_11	91788	92864	151, 149, 26
Ga0004748_12	10395	11882	151, 149, 26
Ga0004748_11	1869504	1871492	151, 149, 26
Ga0004748_11	520413	522803	151, 149, 26
Ga0004748_11	1331538	1331810	151, 149, 26
Ga0004748_15	1710637	1711068	151, 149, 26
Ga0004748_11	42740	44155	151, 149, 26
Ga0004748_15	2240585	2241427	151, 149, 26
Ga0004748_11	317945	318598	151, 149, 26
Ga0004748_11	2027450	2028130	151, 149, 26
Ga0004748_11	594640	595050	151, 149, 26
Ga0004748_11	831962	832540	151, 149, 26
Ga0004748_12	312819	313499	151, 149, 26
Ga0004748_11	689629	690159	151, 149, 26
Ga0004748_15	2357713	2358357	151, 149, 26
Ga0004748_11	333971	335389	151, 149, 26
Ga0004748_15	1827308	1827631	151, 149, 26
Ga0004748_12	128889	129626	151, 149, 26
Ga0004748_15	2189279	2189632	151, 149, 26
Ga0004748_15	2136318	2136758	151, 149, 26
Ga0004748_11	2024376	2025743	151, 149, 26
Ga0004748_15	1809724	1810746	151, 149, 26
Ga0004748_11	1863747	1864295	151, 149, 26
Ga0004748_11	1176435	1176962	151, 149, 26
Ga0004748_11	143869	144225	151, 149, 26
Ga0004748_11	648041	648796	151, 149, 26
Ga0004748_11	744012	744716	151, 149, 26
Ga0004748_12	318092	318520	151, 149, 26
Ga0004748_11	316294	317745	151, 149, 26
Ga0004748_11	754543	755046	151, 149, 26
Ga0004748_11	1246982	1247878	151, 149, 26
Ga0004748_11	738166	738852	151, 149, 26
Ga0004748_11	215811	216151	151, 149, 26
Ga0004748_11	315825	316301	151, 149, 26
Ga0004748_11	1891833	1892639	151, 149, 26
Ga0004748_11	1250195	1250620	151, 149, 26
Ga0004748_11	697655	698236	151, 149, 26
Ga0004748_11	831135	831800	151, 149, 26
Ga0004748_12	9581	10402	151, 149, 26
Ga0004748_11	1181604	1182644	151, 149, 26
Ga0004748_11	1318015	1319100	151, 149, 26
Ga0004748_11	1248265	1248513	151, 149, 26
Ga0004748_15	1762179	1762490	151, 149, 26
Ga0004748_11	820763	821491	151, 149, 26
Ga0004748_13	100502	101548	151, 149, 26
Ga0004748_11	34049	34729	151, 149, 26
Ga0004748_12	363059	364147	151, 149, 26
Ga0004748_11	2049230	2049895	151, 149, 26
Ga0004748_11	741304	742185	151, 149, 26
Ga0004748_11	202676	203638	151, 149, 26
Ga0004748_11	677304	678149	151, 149, 26
Ga0004748_15	2196136	2197089	151, 149, 26
Ga0004748_15	1655968	1656600	151, 149, 26
Ga0004748_15	2296351	2297730	151, 149, 26
Ga0004748_15	1758578	1759390	151, 149, 26
Ga0004748_11	1881551	1882088	151, 149, 26
Ga0004748_11	420012	420869	151, 149, 26
Ga0004748_11	71899	72633	151, 149, 26
Ga0004748_11	1206850	1207719	151, 149, 26
Ga0004748_12	317487	318080	151, 149, 26
Ga0004748_11	642462	642605	151, 149, 26
Ga0004748_15	1706748	1707143	151, 149, 26
Ga0004748_11	1415128	1415520	151, 149, 26
Ga0004748_11	392264	392857	151, 149, 26
Ga0004748_11	1772194	1772691	151, 149, 26
Ga0004748_11	453351	453929	151, 149, 26
Ga0004748_11	581906	582091	151, 149, 26
Ga0004748_11	1305193	1305576	151, 149, 26
Ga0004748_15	2294830	2295717	151, 149, 26
Ga0004748_11	818417	818902	151, 149, 26
Ga0004748_11	454476	455114	151, 149, 26
Ga0004748_15	1000608	1001789	151, 149, 26
Ga0004748_11	1481216	1481440	151, 149, 26
Ga0004748_15	2205535	2205915	151, 149, 26
Ga0004748_15	1723364	1724512	151, 149, 26
Ga0004748_11	2012720	2013199	151, 149, 26
Ga0004748_11	60030	61118	151, 149, 26
Ga0004748_13	17566	18096	151, 149, 26
Ga0004748_11	48900	49163	151, 149, 26
Ga0004748_13	182709	183086	151, 149, 26
Ga0004748_15	1813956	1815257	151, 149, 26
Ga0004748_11	1301382	1302113	151, 149, 26
Ga0004748_11	1985368	1985904	151, 149, 26
Ga0004748_11	417885	418739	151, 149, 26
Ga0004748_11	654566	655084	151, 149, 26
Ga0004748_11	734086	734679	151, 149, 26
Ga0004748_12	55707	56543	151, 149, 26
Ga0004748_12	58656	60305	151, 149, 26
Ga0004748_15	2241664	2242299	151, 149, 26
Ga0004748_11	1370208	1371071	151, 149, 26
Ga0004748_12	185472	186620	151, 149, 26
Ga0004748_11	78519	79331	151, 149, 26
Ga0004748_11	1238761	1239606	151, 149, 26
Ga0004748_11	2034900	2035235	151, 149, 26
Ga0004748_11	1202397	1202999	151, 149, 26
Ga0004748_11	1945606	1946109	151, 149, 26
Ga0004748_12	308497	309363	151, 149, 26
Ga0004748_11	571469	572239	151, 149, 26
Ga0004748_12	92771	93229	151, 149, 26
Ga0004748_13	188268	188572	151, 149, 26
Ga0004748_12	18496	19002	151, 149, 26
Ga0004748_15	1776884	1777315	151, 149, 26
Ga0004748_15	1850754	1850990	151, 149, 26
Ga0004748_12	56682	57038	151, 149, 26
Ga0004748_15	1668224	1668685	151, 149, 26
Ga0004748_12	265380	268355	151, 149, 26
Ga0004748_11	225925	227355	151, 149, 26
Ga0004748_11	142581	143726	151, 149, 26
Ga0004748_11	1720451	1721419	151, 149, 26
Ga0004748_12	280111	280431	151, 149, 26
Ga0004748_11	52018	52497	151, 149, 26
Ga0004748_11	737553	738140	151, 149, 26
Ga0004748_11	1166437	1167189	151, 149, 26
Ga0004748_11	1985934	1986989	151, 149, 26
Ga0004748_15	2343632	2343868	151, 149, 26
Ga0004748_15	2281903	2282268	151, 149, 26
Ga0004748_13	129961	130398	151, 149, 26
Ga0004748_15	2094179	2094793	151, 149, 26
Ga0004748_11	1151980	1152660	151, 149, 26
Ga0004748_15	2195097	2196047	151, 149, 26
Ga0004748_11	1346453	1347028	151, 149, 26
Ga0004748_11	1751666	1752145	151, 149, 26
Ga0004748_11	373458	374360	151, 149, 26
Ga0004748_12	174239	174403	151, 149, 26
Ga0004748_15	2089077	2089970	151, 149, 26
Ga0004748_11	417155	417646	151, 149, 26
Ga0004748_12	127289	127731	151, 149, 26
Ga0004748_15	1759867	1760376	151, 149, 26
Ga0004748_11	823492	823833	151, 149, 26
Ga0004748_15	995044	995919	151, 149, 26
Ga0004748_15	2118525	2119694	151, 149, 26
Ga0004748_11	775845	777008	151, 149, 26
Ga0004748_11	79670	79951	151, 149, 26
Ga0004748_11	683120	685699	151, 149, 26
Ga0004748_11	1285303	1286013	151, 149, 26
Ga0004748_15	2198683	2199489	151, 149, 26
Ga0004748_11	2030000	2030353	151, 149, 26
Ga0004748_11	2065897	2066502	151, 149, 26
Ga0004748_11	785783	786169	151, 149, 26
Ga0004748_12	334145	334798	151, 149, 26
Ga0004748_11	1910771	1911091	151, 149, 26
Ga0004748_15	2149982	2150386	151, 149, 26
Ga0004748_11	492288	492971	151, 149, 26
Ga0004748_11	545438	546148	151, 149, 26
Ga0004748_11	658077	658817	151, 149, 26
Ga0004748_15	2192732	2193601	151, 149, 26
Ga0004748_11	262851	263102	151, 149, 26
Ga0004748_11	2039458	2039838	151, 149, 26
Ga0004748_11	1923856	1924671	151, 149, 26
Ga0004748_11	1834910	1835596	151, 149, 26
Ga0004748_11	194995	195519	151, 149, 26
Ga0004748_15	2214452	2215474	151, 149, 26
Ga0004748_11	1426977	1427192	151, 149, 26
Ga0004748_11	66871	68277	151, 149, 26
Ga0004748_11	350958	354125	151, 149, 26
Ga0004748_11	2014252	2014761	151, 149, 26
Ga0004748_11	494821	496056	151, 149, 26
Ga0004748_13	74255	74911	151, 149, 26
Ga0004748_11	1297380	1297655	151, 149, 26
Ga0004748_11	280388	283312	151, 149, 26
Ga0004748_15	2111023	2111616	151, 149, 26
Ga0004748_12	334929	335540	151, 149, 26
Ga0004748_11	1401383	1401940	151, 149, 26
Ga0004748_15	2304380	2304865	151, 149, 26
Ga0004748_15	2079766	2080068	151, 149, 26
Ga0004748_11	1444807	1445019	151, 149, 26
Ga0004748_11	1750863	1751426	151, 149, 26
Ga0004748_11	272561	272872	151, 149, 26
Ga0004748_11	1352609	1353082	151, 149, 26
Ga0004748_11	333502	333978	151, 149, 26
Ga0004748_15	1798068	1798490	151, 149, 26
Ga0004748_11	1211548	1212030	151, 149, 26
Ga0004748_11	169741	170829	151, 149, 26
Ga0004748_15	2264975	2266975	151, 149, 26
Ga0004748_11	2051506	2051871	151, 149, 26
Ga0004748_11	500944	502893	151, 149, 26
Ga0004748_15	2263357	2264514	151, 149, 26
Ga0004748_11	765428	765982	151, 149, 26
Ga0004748_11	355703	356008	151, 149, 26
Ga0004748_12	307058	307282	151, 149, 26
Ga0004748_11	65511	66596	151, 149, 26
Ga0004748_15	2218100	2218411	151, 149, 26
Ga0004748_11	567348	569630	151, 149, 26
Ga0004748_11	175839	176165	151, 149, 26
Ga0004748_13	43646	44008	151, 149, 26
Ga0004748_15	2253493	2254197	151, 149, 26
Ga0004748_15	1856443	1857315	151, 149, 26
Ga0004748_11	1831087	1834917	151, 149, 26
Ga0004748_15	1855218	1856255	151, 149, 26
Ga0004748_15	994713	994976	151, 149, 26
Ga0004748_11	616713	617180	151, 149, 26
Ga0004748_15	1662191	1662910	211, 0, 0
Ga0004748_11	695027	695743	211, 0, 0
Ga0004748_15	1660435	1662198	211, 0, 0
Ga0004748_11	1385562	1386203	211, 0, 0
Ga0004748_11	1856364	1858151	211, 0, 0
Ga0004748_11	679319	681133	211, 0, 0
Ga0004748_11	147144	147800	211, 0, 0
Ga0004748_15	1835376	1836596	211, 0, 0
Ga0004748_15	2317105	2317776	211, 0, 0
Ga0004748_11	1779505	1780212	211, 0, 0
Ga0004748_15	2315663	2317111	211, 0, 0
Ga0004748_11	1948585	1950057	211, 0, 0
Ga0004748_11	1867136	1868404	211, 0, 0
Ga0004748_15	1720432	1720911	211, 0, 0
Ga0004748_11	1947927	1948592	211, 0, 0
Ga0004748_11	659869	660501	211, 0, 0
Ga0004748_11	108511	109209	211, 0, 0
Ga0004748_12	131620	132333	211, 0, 0
Ga0004748_11	540640	542040	211, 0, 0
Ga0004748_11	1415772	1416890	211, 0, 0
Ga0004748_15	2097138	2098580	211, 0, 0
Ga0004748_15	1734263	1734961	211, 0, 0
Ga0004748_11	2016102	2016932	211, 0, 0
Ga0004748_11	264026	264508	211, 0, 0
Ga0004748_15	1836593	1837846	211, 0, 0
Ga0004748_15	1694907	1695365	211, 0, 0
Ga0004748_12	298589	299185	211, 0, 0
Ga0004748_11	577927	579135	211, 0, 0
Ga0004748_11	200393	201982	211, 0, 0
Ga0004748_15	2096495	2097160	211, 0, 0
Ga0004748_11	539965	540636	211, 0, 0
Ga0004748_11	144805	147108	211, 0, 0
Ga0004748_11	658817	659872	211, 0, 0
Ga0004748_13	36866	38488	211, 0, 0
Ga0004748_12	307457	307921	211, 0, 0
Ga0004748_11	668553	669065	211, 0, 0
Ga0004748_11	1654818	1657223	211, 0, 0
Ga0004748_11	377203	377907	211, 0, 0
Ga0004748_11	1675872	1676513	211, 0, 0
Ga0004748_15	1850152	1850625	211, 0, 0
Ga0004748_11	1275889	1276581	211, 0, 0
Ga0004748_11	1736272	1736967	211, 0, 0
Ga0004748_15	2204449	2205378	211, 0, 0
Ga0004748_11	1148182	1148871	211, 0, 0
Ga0004748_11	1633908	1635224	211, 0, 0
Ga0004748_12	89814	90164	211, 0, 0
Ga0004748_11	1148868	1150226	211, 0, 0
Ga0004748_11	695743	697518	211, 0, 0
Ga0004748_11	573031	574527	211, 0, 0
Ga0004748_13	161400	162071	211, 0, 0
Ga0004748_11	675893	677164	211, 0, 0
Ga0004748_11	263681	264019	211, 0, 0
Ga0004748_15	2188310	2188951	211, 0, 0
Ga0004748_11	267986	270676	211, 0, 0
Ga0004748_12	112699	113400	211, 0, 0
Ga0004748_13	160381	161403	211, 0, 0
Ga0004748_15	2163935	2164597	211, 0, 0
Ga0004748_11	1780209	1781192	211, 0, 0
Ga0004748_11	265930	267072	211, 0, 0
Ga0004748_12	299878	300456	211, 0, 0
Ga0004748_11	458399	459139	211, 0, 0
Ga0004748_15	1734954	1736411	211, 0, 0
Ga0004748_11	109202	110287	211, 0, 0
Ga0004748_12	299208	299792	211, 0, 0
Ga0004748_15	2171585	2171818	202, 255, 254
Ga0004748_12	313676	314212	202, 255, 254
Ga0004748_11	312740	313951	202, 255, 254
Ga0004748_15	2087704	2088486	202, 255, 254
Ga0004748_11	1977082	1978386	202, 255, 254
Ga0004748_11	1356484	1357698	202, 255, 254
Ga0004748_15	2227171	2229678	202, 255, 254
Ga0004748_11	1331893	1334565	202, 255, 254
Ga0004748_11	1368770	1369495	202, 255, 254
Ga0004748_11	392914	393477	202, 255, 254
Ga0004748_11	516264	516833	202, 255, 254
Ga0004748_11	125984	127183	202, 255, 254
