Ga0004748_11	5672	6367	0	color=(69,134,239)
Ga0004748_11	6336	7085	0	color=(69,134,239)
Ga0004748_11	7085	7837	0	color=(69,134,239)
Ga0004748_11	7834	8835	0	color=(69,134,239)
Ga0004748_11	8846	9466	0	color=(69,134,239)
Ga0004748_11	9459	10568	0	color=(69,134,239)
Ga0004748_11	10584	10787	0	color=(69,134,239)
Ga0004748_11	10790	11560	0	color=(69,134,239)
Ga0004748_11	12588	13400	0	color=(69,134,239)
Ga0004748_11	12588	13400	0	color=(69,134,239)
Ga0004748_11	15066	16733	0	color=(69,134,239)
Ga0004748_11	16747	18837	0	color=(69,134,239)
Ga0004748_11	18854	19435	0	color=(69,134,239)
Ga0004748_11	19501	20646	0	color=(69,134,239)
Ga0004748_11	24117	25190	0	color=(69,134,239)
Ga0004748_11	26433	27083	0	color=(69,134,239)
Ga0004748_11	27673	28668	0	color=(69,134,239)
Ga0004748_11	28652	30139	0	color=(69,134,239)
Ga0004748_11	30136	31248	0	color=(69,134,239)
Ga0004748_11	31531	32832	0	color=(69,134,239)
Ga0004748_11	35870	36289	0	color=(69,134,239)
Ga0004748_11	42740	44155	0	color=(69,134,239)
Ga0004748_11	56502	58157	0	color=(69,134,239)
Ga0004748_11	60030	61118	0	color=(69,134,239)
Ga0004748_11	61195	63135	0	color=(69,134,239)
Ga0004748_11	63246	63566	0	color=(69,134,239)
Ga0004748_11	63568	63873	0	color=(69,134,239)
Ga0004748_11	63957	65267	0	color=(69,134,239)
Ga0004748_11	68735	69910	0	color=(69,134,239)
Ga0004748_11	69913	70587	0	color=(69,134,239)
Ga0004748_11	70584	71687	0	color=(69,134,239)
Ga0004748_11	72722	73588	0	color=(69,134,239)
Ga0004748_11	73590	74594	0	color=(69,134,239)
Ga0004748_11	74642	75958	0	color=(69,134,239)
Ga0004748_11	76176	76745	0	color=(69,134,239)
Ga0004748_11	76758	77033	0	color=(69,134,239)
Ga0004748_11	77030	77245	0	color=(69,134,239)
Ga0004748_11	78519	79331	0	color=(69,134,239)
Ga0004748_11	85189	86592	0	color=(69,134,239)
Ga0004748_11	89466	90350	0	color=(69,134,239)
Ga0004748_11	90375	91739	0	color=(69,134,239)
Ga0004748_11	91788	92864	0	color=(69,134,239)
Ga0004748_11	93576	93977	0	color=(69,134,239)
Ga0004748_11	96237	96692	0	color=(69,134,239)
Ga0004748_11	96773	97543	0	color=(69,134,239)
Ga0004748_11	98449	98793	0	color=(69,134,239)
Ga0004748_11	98796	99110	0	color=(69,134,239)
Ga0004748_11	100054	101256	0	color=(69,134,239)
Ga0004748_11	103642	105852	0	color=(69,134,239)
Ga0004748_11	110564	111664	0	color=(69,134,239)
Ga0004748_11	111661	112335	0	color=(69,134,239)
Ga0004748_11	112338	113516	0	color=(69,134,239)
Ga0004748_11	113653	114423	0	color=(69,134,239)
Ga0004748_11	114500	115867	0	color=(69,134,239)
Ga0004748_11	118889	119437	0	color=(69,134,239)
Ga0004748_11	121344	122600	0	color=(69,134,239)
Ga0004748_11	123174	123689	0	color=(69,134,239)
Ga0004748_11	123713	125710	0	color=(69,134,239)
Ga0004748_11	125984	127183	0	color=(69,134,239)
Ga0004748_11	127244	128668	0	color=(69,134,239)
Ga0004748_11	129107	129346	0	color=(69,134,239)
Ga0004748_11	130623	132062	0	color=(69,134,239)
Ga0004748_11	132676	134436	0	color=(69,134,239)
Ga0004748_11	136713	137510	0	color=(69,134,239)
Ga0004748_11	137497	138195	0	color=(69,134,239)
Ga0004748_11	138224	138958	0	color=(69,134,239)
Ga0004748_11	139010	139213	0	color=(69,134,239)
Ga0004748_11	144805	147108	0	color=(69,134,239)
Ga0004748_11	147144	147800	0	color=(69,134,239)
Ga0004748_11	149942	151630	0	color=(69,134,239)
Ga0004748_11	151647	152405	0	color=(69,134,239)
Ga0004748_11	152820	153437	0	color=(69,134,239)
Ga0004748_11	153572	154444	0	color=(69,134,239)
Ga0004748_11	159479	161182	0	color=(69,134,239)
Ga0004748_11	161435	162922	0	color=(69,134,239)
Ga0004748_11	163181	164737	0	color=(69,134,239)
Ga0004748_11	166277	167746	0	color=(69,134,239)
Ga0004748_11	176493	177542	0	color=(69,134,239)
Ga0004748_11	177847	179439	0	color=(69,134,239)
Ga0004748_11	181126	182130	0	color=(69,134,239)
Ga0004748_11	182150	183127	0	color=(69,134,239)
Ga0004748_11	183948	185534	0	color=(69,134,239)
Ga0004748_11	185590	186540	0	color=(69,134,239)
Ga0004748_11	186547	187398	0	color=(69,134,239)
Ga0004748_11	187425	188417	0	color=(69,134,239)
Ga0004748_11	188410	189381	0	color=(69,134,239)
Ga0004748_11	192679	193299	0	color=(69,134,239)
Ga0004748_11	194451	194843	0	color=(69,134,239)
Ga0004748_11	197333	198280	0	color=(69,134,239)
Ga0004748_11	198848	200167	0	color=(69,134,239)
Ga0004748_11	200393	201982	0	color=(69,134,239)
Ga0004748_11	202002	202679	0	color=(69,134,239)
Ga0004748_11	203852	205651	0	color=(69,134,239)
Ga0004748_11	217205	218494	0	color=(69,134,239)
Ga0004748_11	220629	221396	0	color=(69,134,239)
Ga0004748_11	225014	225772	0	color=(69,134,239)
Ga0004748_11	228748	230223	0	color=(69,134,239)
Ga0004748_11	232824	233486	0	color=(69,134,239)
Ga0004748_11	234305	235687	0	color=(69,134,239)
Ga0004748_11	240719	241303	0	color=(69,134,239)
Ga0004748_11	241343	241714	0	color=(69,134,239)
Ga0004748_11	245559	246557	0	color=(69,134,239)
Ga0004748_11	247322	249073	0	color=(69,134,239)
Ga0004748_11	263681	264019	0	color=(69,134,239)
Ga0004748_11	264026	264508	0	color=(69,134,239)
Ga0004748_11	264471	265247	0	color=(69,134,239)
Ga0004748_11	265317	265757	0	color=(69,134,239)
Ga0004748_11	267112	267969	0	color=(69,134,239)
Ga0004748_11	267986	270676	0	color=(69,134,239)
Ga0004748_11	273829	275013	0	color=(69,134,239)
Ga0004748_11	277025	278011	0	color=(69,134,239)
Ga0004748_11	283354	284298	0	color=(69,134,239)
Ga0004748_11	286511	287455	0	color=(69,134,239)
Ga0004748_11	287499	288476	0	color=(69,134,239)
Ga0004748_11	294795	295991	0	color=(69,134,239)
Ga0004748_11	296803	297363	0	color=(69,134,239)
Ga0004748_11	297592	298413	0	color=(69,134,239)
Ga0004748_11	298427	299917	0	color=(69,134,239)
Ga0004748_11	300051	301733	0	color=(69,134,239)
Ga0004748_11	302377	302910	0	color=(69,134,239)
Ga0004748_11	304600	306936	0	color=(69,134,239)
Ga0004748_11	307663	308532	0	color=(69,134,239)
Ga0004748_11	309608	310165	0	color=(69,134,239)
Ga0004748_11	311007	311441	0	color=(69,134,239)
Ga0004748_11	312016	312747	0	color=(69,134,239)
Ga0004748_11	312740	313951	0	color=(69,134,239)
Ga0004748_11	315825	316301	0	color=(69,134,239)
Ga0004748_11	316294	317745	0	color=(69,134,239)
Ga0004748_11	331499	332245	0	color=(69,134,239)
Ga0004748_11	333502	333978	0	color=(69,134,239)
Ga0004748_11	333971	335389	0	color=(69,134,239)
Ga0004748_11	336191	338308	0	color=(69,134,239)
Ga0004748_11	336191	338308	0	color=(69,134,239)
Ga0004748_11	338486	339532	0	color=(69,134,239)
Ga0004748_11	339547	340482	0	color=(69,134,239)
Ga0004748_11	340502	341923	0	color=(69,134,239)
Ga0004748_11	343574	345940	0	color=(69,134,239)
Ga0004748_11	347542	347943	0	color=(69,134,239)
Ga0004748_11	347946	349895	0	color=(69,134,239)
Ga0004748_11	350958	354125	0	color=(69,134,239)
Ga0004748_11	359355	360344	0	color=(69,134,239)
Ga0004748_11	361074	362606	0	color=(69,134,239)
Ga0004748_11	363123	364178	0	color=(69,134,239)
Ga0004748_11	364211	365038	0	color=(69,134,239)
Ga0004748_11	365050	365907	0	color=(69,134,239)
Ga0004748_11	365921	366994	0	color=(69,134,239)
Ga0004748_11	367036	368046	0	color=(69,134,239)
Ga0004748_11	368338	369444	0	color=(69,134,239)
Ga0004748_11	370684	371661	0	color=(69,134,239)
Ga0004748_11	372835	373320	0	color=(69,134,239)
Ga0004748_11	373458	374360	0	color=(69,134,239)
Ga0004748_11	375451	377193	0	color=(69,134,239)
Ga0004748_11	378048	378896	0	color=(69,134,239)
Ga0004748_11	381219	382946	0	color=(69,134,239)
Ga0004748_11	385298	386887	0	color=(69,134,239)
Ga0004748_11	386911	388188	0	color=(69,134,239)
Ga0004748_11	389888	390091	0	color=(69,134,239)
Ga0004748_11	391309	391890	0	color=(69,134,239)
Ga0004748_11	392914	393477	0	color=(69,134,239)
Ga0004748_11	393594	397109	0	color=(69,134,239)
Ga0004748_11	393594	397109	0	color=(69,134,239)
Ga0004748_11	397106	400831	0	color=(69,134,239)
Ga0004748_11	397106	400831	0	color=(69,134,239)
Ga0004748_11	401268	401483	0	color=(69,134,239)
Ga0004748_11	401526	401912	0	color=(69,134,239)
Ga0004748_11	401928	402122	0	color=(69,134,239)
Ga0004748_11	402129	402743	0	color=(69,134,239)
Ga0004748_11	402811	403017	0	color=(69,134,239)
Ga0004748_11	403032	403253	0	color=(69,134,239)
Ga0004748_11	405102	406292	0	color=(69,134,239)
Ga0004748_11	407663	409510	0	color=(69,134,239)
Ga0004748_11	409697	410656	0	color=(69,134,239)
Ga0004748_11	410716	412182	0	color=(69,134,239)
Ga0004748_11	412447	413679	0	color=(69,134,239)
Ga0004748_11	417155	417646	0	color=(69,134,239)
Ga0004748_11	417885	418739	0	color=(69,134,239)
Ga0004748_11	418793	419650	0	color=(69,134,239)
Ga0004748_11	421339	422148	0	color=(69,134,239)
Ga0004748_11	423030	425630	0	color=(69,134,239)
Ga0004748_11	427699	427875	0	color=(69,134,239)
Ga0004748_11	428107	429039	0	color=(69,134,239)
Ga0004748_11	429071	430309	0	color=(69,134,239)
Ga0004748_11	432204	433193	0	color=(69,134,239)
Ga0004748_11	434292	435947	0	color=(69,134,239)
Ga0004748_11	436075	437004	0	color=(69,134,239)
Ga0004748_11	437001	438017	0	color=(69,134,239)
Ga0004748_11	438036	439079	0	color=(69,134,239)
Ga0004748_11	439072	440007	0	color=(69,134,239)
Ga0004748_11	441920	443566	0	color=(69,134,239)
Ga0004748_11	444391	444786	0	color=(69,134,239)
Ga0004748_11	445856	446539	0	color=(69,134,239)
Ga0004748_11	446612	448156	0	color=(69,134,239)
Ga0004748_11	449532	451358	0	color=(69,134,239)
Ga0004748_11	452784	453182	0	color=(69,134,239)
Ga0004748_11	454476	455114	0	color=(69,134,239)
Ga0004748_11	455133	455930	0	color=(69,134,239)
Ga0004748_11	455945	456838	0	color=(69,134,239)
Ga0004748_11	458399	459139	0	color=(69,134,239)
Ga0004748_11	462372	463217	0	color=(69,134,239)
Ga0004748_11	467811	468548	0	color=(69,134,239)
Ga0004748_11	468557	469102	0	color=(69,134,239)
Ga0004748_11	469118	470089	0	color=(69,134,239)
Ga0004748_11	470102	470956	0	color=(69,134,239)
Ga0004748_11	471065	471835	0	color=(69,134,239)
Ga0004748_11	471065	471835	0	color=(69,134,239)
Ga0004748_11	472580	473044	0	color=(69,134,239)
Ga0004748_11	474561	475028	0	color=(69,134,239)
Ga0004748_11	475171	477237	0	color=(69,134,239)
Ga0004748_11	481270	482748	0	color=(69,134,239)
Ga0004748_11	483782	485200	0	color=(69,134,239)
Ga0004748_11	485197	485784	0	color=(69,134,239)
Ga0004748_11	485781	486806	0	color=(69,134,239)
Ga0004748_11	486808	487569	0	color=(69,134,239)
Ga0004748_11	487566	488180	0	color=(69,134,239)
Ga0004748_11	488177	489370	0	color=(69,134,239)
Ga0004748_11	489374	490150	0	color=(69,134,239)
Ga0004748_11	490698	492197	0	color=(69,134,239)
Ga0004748_11	496096	496524	0	color=(69,134,239)
Ga0004748_11	500944	502893	0	color=(69,134,239)
Ga0004748_11	504933	506192	0	color=(69,134,239)
Ga0004748_11	506326	509193	0	color=(69,134,239)
Ga0004748_11	510017	510226	0	color=(69,134,239)
Ga0004748_11	514786	516072	0	color=(69,134,239)
Ga0004748_11	516264	516833	0	color=(69,134,239)
Ga0004748_11	516898	517485	0	color=(69,134,239)
Ga0004748_11	520413	522803	0	color=(69,134,239)
Ga0004748_11	522976	524343	0	color=(69,134,239)
Ga0004748_11	524583	525566	0	color=(69,134,239)
Ga0004748_11	525563	526411	0	color=(69,134,239)
Ga0004748_11	526418	527218	0	color=(69,134,239)
Ga0004748_11	527257	528306	0	color=(69,134,239)
Ga0004748_11	528366	529013	0	color=(69,134,239)
Ga0004748_11	529125	531317	0	color=(69,134,239)
Ga0004748_11	531937	532860	0	color=(69,134,239)
Ga0004748_11	534891	536219	0	color=(69,134,239)
Ga0004748_11	536216	537628	0	color=(69,134,239)
Ga0004748_11	537746	538861	0	color=(69,134,239)
Ga0004748_11	540640	542040	0	color=(69,134,239)
Ga0004748_11	542456	543112	0	color=(69,134,239)
Ga0004748_11	543281	544000	0	color=(69,134,239)
Ga0004748_11	544017	545438	0	color=(69,134,239)
Ga0004748_11	545438	546148	0	color=(69,134,239)
Ga0004748_11	546261	546983	0	color=(69,134,239)
Ga0004748_11	546261	546983	0	color=(69,134,239)
Ga0004748_11	547337	548188	0	color=(69,134,239)
Ga0004748_11	550914	551099	0	color=(69,134,239)
Ga0004748_11	553644	554387	0	color=(69,134,239)
Ga0004748_11	554471	555556	0	color=(69,134,239)
Ga0004748_11	559121	560197	0	color=(69,134,239)
Ga0004748_11	560217	561218	0	color=(69,134,239)
Ga0004748_11	561219	562976	0	color=(69,134,239)
Ga0004748_11	562998	563792	0	color=(69,134,239)
Ga0004748_11	563808	564905	0	color=(69,134,239)
Ga0004748_11	567348	569630	0	color=(69,134,239)
Ga0004748_11	571469	572239	0	color=(69,134,239)
Ga0004748_11	573031	574527	0	color=(69,134,239)
Ga0004748_11	574723	575169	0	color=(69,134,239)
Ga0004748_11	577927	579135	0	color=(69,134,239)
Ga0004748_11	579479	580141	0	color=(69,134,239)
Ga0004748_11	580141	580632	0	color=(69,134,239)
Ga0004748_11	580141	580632	0	color=(69,134,239)
Ga0004748_11	580625	581341	0	color=(69,134,239)
Ga0004748_11	581360	581857	0	color=(69,134,239)
Ga0004748_11	585236	585595	0	color=(69,134,239)
Ga0004748_11	585582	587666	0	color=(69,134,239)
Ga0004748_11	587748	588716	0	color=(69,134,239)
Ga0004748_11	589309	590007	0	color=(69,134,239)
Ga0004748_11	590810	591712	0	color=(69,134,239)
Ga0004748_11	591712	592488	0	color=(69,134,239)
Ga0004748_11	592736	593749	0	color=(69,134,239)
Ga0004748_11	594061	594513	0	color=(69,134,239)
Ga0004748_11	596146	597066	0	color=(69,134,239)
Ga0004748_11	597182	598270	0	color=(69,134,239)
Ga0004748_11	598292	599467	0	color=(69,134,239)
Ga0004748_11	599464	599703	0	color=(69,134,239)
Ga0004748_11	599772	600938	0	color=(69,134,239)
Ga0004748_11	600935	602449	0	color=(69,134,239)
Ga0004748_11	602946	604115	0	color=(69,134,239)
Ga0004748_11	604509	604955	0	color=(69,134,239)
Ga0004748_11	606070	606972	0	color=(69,134,239)
Ga0004748_11	608074	609432	0	color=(69,134,239)
Ga0004748_11	609619	610410	0	color=(69,134,239)
Ga0004748_11	614831	616174	0	color=(69,134,239)
Ga0004748_11	618707	619603	0	color=(69,134,239)
Ga0004748_11	619919	621619	0	color=(69,134,239)
Ga0004748_11	621616	622125	0	color=(69,134,239)
Ga0004748_11	622152	623162	0	color=(69,134,239)
Ga0004748_11	623164	624684	0	color=(69,134,239)
Ga0004748_11	624762	625826	0	color=(69,134,239)
Ga0004748_11	625826	627220	0	color=(69,134,239)
Ga0004748_11	625826	627220	0	color=(69,134,239)
Ga0004748_11	627198	627779	0	color=(69,134,239)
Ga0004748_11	627198	627779	0	color=(69,134,239)
Ga0004748_11	628091	629353	0	color=(69,134,239)
Ga0004748_11	629329	629964	0	color=(69,134,239)
Ga0004748_11	629976	631265	0	color=(69,134,239)
Ga0004748_11	631265	631849	0	color=(69,134,239)
Ga0004748_11	631850	632479	0	color=(69,134,239)
Ga0004748_11	632452	633171	0	color=(69,134,239)
Ga0004748_11	633165	633923	0	color=(69,134,239)
Ga0004748_11	633920	634225	0	color=(69,134,239)
Ga0004748_11	634236	634559	0	color=(69,134,239)
Ga0004748_11	634572	635588	0	color=(69,134,239)
Ga0004748_11	636971	637672	0	color=(69,134,239)
Ga0004748_11	640849	642165	0	color=(69,134,239)
Ga0004748_11	642693	643397	0	color=(69,134,239)
Ga0004748_11	643436	644572	0	color=(69,134,239)
Ga0004748_11	644585	645196	0	color=(69,134,239)
Ga0004748_11	645345	646967	0	color=(69,134,239)
Ga0004748_11	647263	648039	0	color=(69,134,239)
Ga0004748_11	648771	649385	0	color=(69,134,239)
Ga0004748_11	648771	649385	0	color=(69,134,239)
Ga0004748_11	649810	651165	0	color=(69,134,239)
Ga0004748_11	653223	654497	0	color=(69,134,239)
Ga0004748_11	654566	655084	0	color=(69,134,239)
Ga0004748_11	656904	657260	0	color=(69,134,239)
Ga0004748_11	658077	658817	0	color=(69,134,239)
Ga0004748_11	658817	659872	0	color=(69,134,239)
Ga0004748_11	659869	660501	0	color=(69,134,239)
Ga0004748_11	660946	662301	0	color=(69,134,239)
Ga0004748_11	667312	668520	0	color=(69,134,239)
Ga0004748_11	669757	670557	0	color=(69,134,239)
Ga0004748_11	670675	671673	0	color=(69,134,239)
Ga0004748_11	671685	672305	0	color=(69,134,239)
Ga0004748_11	672617	674659	0	color=(69,134,239)
Ga0004748_11	672617	674659	0	color=(69,134,239)
Ga0004748_11	681443	682150	0	color=(69,134,239)
Ga0004748_11	683120	685699	0	color=(69,134,239)
Ga0004748_11	686892	687806	0	color=(69,134,239)
Ga0004748_11	687919	689043	0	color=(69,134,239)
Ga0004748_11	689036	689632	0	color=(69,134,239)
Ga0004748_11	689629	690159	0	color=(69,134,239)
Ga0004748_11	690449	691177	0	color=(69,134,239)
Ga0004748_11	691927	693552	0	color=(69,134,239)
Ga0004748_11	695027	695743	0	color=(69,134,239)
Ga0004748_11	695743	697518	0	color=(69,134,239)
Ga0004748_11	697655	698236	0	color=(69,134,239)
Ga0004748_11	701025	701273	0	color=(69,134,239)
Ga0004748_11	702623	704152	0	color=(69,134,239)
Ga0004748_11	704149	704715	0	color=(69,134,239)
Ga0004748_11	707014	707622	0	color=(69,134,239)
Ga0004748_11	707934	709220	0	color=(69,134,239)
Ga0004748_11	709919	710449	0	color=(69,134,239)
Ga0004748_11	710558	711538	0	color=(69,134,239)
Ga0004748_11	711574	712506	0	color=(69,134,239)
Ga0004748_11	713032	713709	0	color=(69,134,239)
Ga0004748_11	714045	715193	0	color=(69,134,239)
Ga0004748_11	715206	716255	0	color=(69,134,239)
Ga0004748_11	717322	718215	0	color=(69,134,239)
Ga0004748_11	718522	719832	0	color=(69,134,239)
Ga0004748_11	719851	720873	0	color=(69,134,239)
Ga0004748_11	722731	724209	0	color=(69,134,239)
Ga0004748_11	724507	724779	0	color=(69,134,239)
Ga0004748_11	724900	725469	0	color=(69,134,239)
Ga0004748_11	725653	726387	0	color=(69,134,239)
Ga0004748_11	726426	727139	0	color=(69,134,239)
Ga0004748_11	726426	727139	0	color=(69,134,239)
Ga0004748_11	727178	728140	0	color=(69,134,239)
Ga0004748_11	728265	728711	0	color=(69,134,239)
Ga0004748_11	728976	730148	0	color=(69,134,239)
Ga0004748_11	730148	731233	0	color=(69,134,239)
Ga0004748_11	731366	732478	0	color=(69,134,239)
Ga0004748_11	735433	735945	0	color=(69,134,239)
Ga0004748_11	735946	736620	0	color=(69,134,239)
Ga0004748_11	736664	737431	0	color=(69,134,239)
Ga0004748_11	739852	740532	0	color=(69,134,239)
Ga0004748_11	740634	741275	0	color=(69,134,239)
Ga0004748_11	742790	743590	0	color=(69,134,239)
Ga0004748_11	743605	744000	0	color=(69,134,239)
Ga0004748_11	745845	747038	0	color=(69,134,239)
Ga0004748_11	745845	747038	0	color=(69,134,239)
Ga0004748_11	745845	747038	0	color=(69,134,239)
Ga0004748_11	747023	748003	0	color=(69,134,239)
Ga0004748_11	749098	749934	0	color=(69,134,239)
Ga0004748_11	749934	750782	0	color=(69,134,239)
Ga0004748_11	750795	751178	0	color=(69,134,239)
Ga0004748_11	751310	754114	0	color=(69,134,239)
Ga0004748_11	755065	756252	0	color=(69,134,239)
Ga0004748_11	756373	757080	0	color=(69,134,239)
Ga0004748_11	757096	757743	0	color=(69,134,239)
Ga0004748_11	758291	760984	0	color=(69,134,239)
Ga0004748_11	758291	760984	0	color=(69,134,239)
Ga0004748_11	761051	761653	0	color=(69,134,239)
Ga0004748_11	764949	765371	0	color=(69,134,239)
Ga0004748_11	767073	768212	0	color=(69,134,239)
Ga0004748_11	768596	770533	0	color=(69,134,239)
Ga0004748_11	770635	772152	0	color=(69,134,239)
Ga0004748_11	772201	772674	0	color=(69,134,239)
Ga0004748_11	772837	773583	0	color=(69,134,239)
Ga0004748_11	773910	774503	0	color=(69,134,239)
Ga0004748_11	774507	775829	0	color=(69,134,239)
Ga0004748_11	775845	777008	0	color=(69,134,239)
Ga0004748_11	782312	783145	0	color=(69,134,239)
Ga0004748_11	782312	783145	0	color=(69,134,239)
Ga0004748_11	784552	785790	0	color=(69,134,239)
Ga0004748_11	785783	786169	0	color=(69,134,239)
Ga0004748_11	816906	817292	0	color=(69,134,239)
Ga0004748_11	819054	819713	0	color=(69,134,239)
Ga0004748_11	820304	820501	0	color=(69,134,239)
Ga0004748_11	820763	821491	0	color=(69,134,239)
Ga0004748_11	823836	825386	0	color=(69,134,239)
Ga0004748_11	839565	839753	0	color=(69,134,239)
Ga0004748_11	839781	840383	0	color=(69,134,239)
Ga0004748_11	840556	841380	0	color=(69,134,239)
Ga0004748_11	841400	842077	0	color=(69,134,239)
Ga0004748_11	842228	842596	0	color=(69,134,239)
Ga0004748_11	842726	844744	0	color=(69,134,239)
Ga0004748_11	844918	846555	0	color=(69,134,239)
Ga0004748_11	848731	849528	0	color=(69,134,239)
Ga0004748_11	850194	850658	0	color=(69,134,239)
Ga0004748_11	851144	852442	0	color=(69,134,239)
Ga0004748_11	852484	853347	0	color=(69,134,239)
Ga0004748_11	853367	854746	0	color=(69,134,239)
Ga0004748_11	854769	855137	0	color=(69,134,239)
Ga0004748_11	855769	856176	0	color=(69,134,239)
Ga0004748_11	856198	856611	0	color=(69,134,239)
Ga0004748_11	856628	856927	0	color=(69,134,239)
Ga0004748_11	856950	858524	0	color=(69,134,239)
Ga0004748_11	858538	859542	0	color=(69,134,239)
Ga0004748_11	859529	860218	0	color=(69,134,239)
Ga0004748_11	860215	861519	0	color=(69,134,239)
Ga0004748_11	863170	863748	0	color=(69,134,239)
Ga0004748_11	863765	864988	0	color=(69,134,239)
Ga0004748_11	866198	867106	0	color=(69,134,239)
Ga0004748_11	868893	869693	0	color=(69,134,239)
Ga0004748_11	869945	871039	0	color=(69,134,239)
Ga0004748_11	872145	872369	0	color=(69,134,239)
Ga0004748_11	872384	873370	0	color=(69,134,239)
Ga0004748_11	873381	873740	0	color=(69,134,239)
Ga0004748_11	874070	874828	0	color=(69,134,239)
Ga0004748_11	874862	875137	0	color=(69,134,239)
Ga0004748_11	875153	875914	0	color=(69,134,239)
Ga0004748_11	875925	876971	0	color=(69,134,239)
Ga0004748_11	876995	879061	0	color=(69,134,239)
Ga0004748_11	879076	880386	0	color=(69,134,239)
Ga0004748_11	880459	881232	0	color=(69,134,239)
Ga0004748_11	882839	883549	0	color=(69,134,239)
Ga0004748_11	887153	887332	0	color=(69,134,239)
Ga0004748_11	891749	892741	0	color=(69,134,239)
Ga0004748_11	892719	893744	0	color=(69,134,239)
Ga0004748_11	893757	895427	0	color=(69,134,239)
Ga0004748_11	898573	899664	0	color=(69,134,239)
Ga0004748_11	899781	900356	0	color=(69,134,239)
Ga0004748_11	903445	905274	0	color=(69,134,239)
Ga0004748_11	905531	906097	0	color=(69,134,239)
Ga0004748_11	908528	909427	0	color=(69,134,239)
Ga0004748_11	916465	917868	0	color=(69,134,239)
Ga0004748_11	919208	920596	0	color=(69,134,239)
Ga0004748_11	924133	924831	0	color=(69,134,239)
Ga0004748_11	927014	927727	0	color=(69,134,239)
Ga0004748_11	931402	932733	0	color=(69,134,239)
Ga0004748_11	938032	939132	0	color=(69,134,239)
Ga0004748_11	939268	940209	0	color=(69,134,239)
Ga0004748_11	940247	941356	0	color=(69,134,239)
Ga0004748_11	941358	942503	0	color=(69,134,239)
Ga0004748_11	942614	943825	0	color=(69,134,239)
Ga0004748_11	943879	944622	0	color=(69,134,239)
Ga0004748_11	944999	946270	0	color=(69,134,239)
Ga0004748_11	946295	947734	0	color=(69,134,239)
Ga0004748_11	947810	949522	0	color=(69,134,239)
Ga0004748_11	949595	950884	0	color=(69,134,239)
Ga0004748_11	950887	951819	0	color=(69,134,239)
Ga0004748_11	956103	957086	0	color=(69,134,239)
Ga0004748_11	958626	959855	0	color=(69,134,239)
Ga0004748_11	968507	969490	0	color=(69,134,239)
Ga0004748_11	970183	971442	0	color=(69,134,239)
Ga0004748_11	971654	972865	0	color=(69,134,239)
Ga0004748_11	972876	973793	0	color=(69,134,239)
Ga0004748_11	976667	978004	0	color=(69,134,239)
Ga0004748_11	982557	983093	0	color=(69,134,239)
Ga0004748_11	984879	985778	0	color=(69,134,239)
Ga0004748_11	985801	987516	0	color=(69,134,239)
Ga0004748_11	987513	987743	0	color=(69,134,239)
Ga0004748_11	987758	988765	0	color=(69,134,239)
Ga0004748_11	988812	990485	0	color=(69,134,239)
Ga0004748_11	990517	991779	0	color=(69,134,239)
Ga0004748_11	992140	993243	0	color=(69,134,239)
Ga0004748_11	993447	994163	0	color=(69,134,239)
Ga0004748_11	996575	997498	0	color=(69,134,239)
Ga0004748_11	998462	999976	0	color=(69,134,239)
Ga0004748_11	1000215	1000658	0	color=(69,134,239)
Ga0004748_11	1001100	1002425	0	color=(69,134,239)
Ga0004748_11	1001100	1002425	0	color=(69,134,239)
Ga0004748_11	1003847	1004422	0	color=(69,134,239)
Ga0004748_11	1004741	1005493	0	color=(69,134,239)
Ga0004748_11	1010805	1012568	0	color=(69,134,239)
Ga0004748_11	1013382	1015010	0	color=(69,134,239)
Ga0004748_11	1015062	1015592	0	color=(69,134,239)
Ga0004748_11	1016425	1017501	0	color=(69,134,239)
Ga0004748_11	1018494	1019789	0	color=(69,134,239)
Ga0004748_11	1020268	1021227	0	color=(69,134,239)
Ga0004748_11	1023068	1024012	0	color=(69,134,239)
Ga0004748_11	1027061	1028221	0	color=(69,134,239)
Ga0004748_11	1028259	1029467	0	color=(69,134,239)
Ga0004748_11	1029566	1030654	0	color=(69,134,239)
Ga0004748_11	1039260	1039457	0	color=(69,134,239)
Ga0004748_11	1041903	1042556	0	color=(69,134,239)
Ga0004748_11	1044051	1044998	0	color=(69,134,239)
Ga0004748_11	1045303	1045974	0	color=(69,134,239)
Ga0004748_11	1046074	1047255	0	color=(69,134,239)
Ga0004748_11	1047292	1048593	0	color=(69,134,239)
Ga0004748_11	1048627	1049022	0	color=(69,134,239)
Ga0004748_11	1054937	1056220	0	color=(69,134,239)
Ga0004748_11	1060300	1060702	0	color=(69,134,239)
Ga0004748_11	1078665	1080821	0	color=(69,134,239)
Ga0004748_11	1083743	1084435	0	color=(69,134,239)
Ga0004748_11	1084674	1086032	0	color=(69,134,239)
Ga0004748_11	1086118	1086537	0	color=(69,134,239)
Ga0004748_11	1086882	1088516	0	color=(69,134,239)
Ga0004748_11	1093378	1094988	0	color=(69,134,239)
Ga0004748_11	1096273	1097217	0	color=(69,134,239)
Ga0004748_11	1097418	1098854	0	color=(69,134,239)
Ga0004748_11	1100147	1101364	0	color=(69,134,239)
Ga0004748_11	1101454	1102227	0	color=(69,134,239)
Ga0004748_11	1102205	1102906	0	color=(69,134,239)
Ga0004748_11	1102928	1103788	0	color=(69,134,239)
Ga0004748_11	1103838	1104791	0	color=(69,134,239)
Ga0004748_11	1106794	1107117	0	color=(69,134,239)
Ga0004748_11	1109484	1110887	0	color=(69,134,239)
Ga0004748_11	1110874	1111890	0	color=(69,134,239)
Ga0004748_11	1111890	1113611	0	color=(69,134,239)
Ga0004748_11	1113608	1115332	0	color=(69,134,239)
Ga0004748_11	1120426	1120992	0	color=(69,134,239)
Ga0004748_11	1123660	1124613	0	color=(69,134,239)
Ga0004748_11	1124860	1125462	0	color=(69,134,239)
Ga0004748_11	1128750	1130510	0	color=(69,134,239)
Ga0004748_11	1133107	1133826	0	color=(69,134,239)
Ga0004748_11	1134779	1135651	0	color=(69,134,239)
Ga0004748_11	1137760	1138395	0	color=(69,134,239)
Ga0004748_11	1139347	1140642	0	color=(69,134,239)
Ga0004748_11	1140635	1141693	0	color=(69,134,239)
Ga0004748_11	1141690	1142583	0	color=(69,134,239)
Ga0004748_11	1151980	1152660	0	color=(69,134,239)
Ga0004748_11	1157305	1158543	0	color=(69,134,239)
Ga0004748_11	1159860	1160702	0	color=(69,134,239)
Ga0004748_11	1161268	1162497	0	color=(69,134,239)
Ga0004748_11	1162551	1163165	0	color=(69,134,239)
Ga0004748_11	1165014	1165979	0	color=(69,134,239)
Ga0004748_11	1169342	1170160	0	color=(69,134,239)
Ga0004748_11	1170435	1172315	0	color=(69,134,239)
Ga0004748_11	1172996	1173952	0	color=(69,134,239)
Ga0004748_11	1177145	1178194	0	color=(69,134,239)
Ga0004748_11	1178396	1180378	0	color=(69,134,239)
Ga0004748_11	1182886	1183329	0	color=(69,134,239)
Ga0004748_11	1186582	1188045	0	color=(69,134,239)
Ga0004748_11	1190868	1191338	0	color=(69,134,239)
Ga0004748_11	1191477	1192427	0	color=(69,134,239)
Ga0004748_11	1193647	1194684	0	color=(69,134,239)
Ga0004748_11	1194818	1195270	0	color=(69,134,239)
Ga0004748_11	1196367	1198028	0	color=(69,134,239)
Ga0004748_11	1198088	1198504	0	color=(69,134,239)
Ga0004748_11	1199077	1199688	0	color=(69,134,239)
Ga0004748_11	1200494	1201570	0	color=(69,134,239)
Ga0004748_11	1204810	1205751	0	color=(69,134,239)
Ga0004748_11	1205950	1206846	0	color=(69,134,239)
Ga0004748_11	1206850	1207719	0	color=(69,134,239)
Ga0004748_11	1207839	1208345	0	color=(69,134,239)
Ga0004748_11	1208719	1209903	0	color=(69,134,239)
Ga0004748_11	1211548	1212030	0	color=(69,134,239)
Ga0004748_11	1217194	1218540	0	color=(69,134,239)
Ga0004748_11	1218606	1218935	0	color=(69,134,239)
Ga0004748_11	1220150	1221304	0	color=(69,134,239)
Ga0004748_11	1222082	1222822	0	color=(69,134,239)
Ga0004748_11	1223473	1224948	0	color=(69,134,239)
Ga0004748_11	1227982	1229115	0	color=(69,134,239)
Ga0004748_11	1229206	1229796	0	color=(69,134,239)
Ga0004748_11	1233243	1234469	0	color=(69,134,239)
Ga0004748_11	1239696	1241111	0	color=(69,134,239)
Ga0004748_11	1249277	1250062	0	color=(69,134,239)
Ga0004748_11	1253628	1255379	0	color=(69,134,239)
Ga0004748_11	1258246	1258629	0	color=(69,134,239)
Ga0004748_11	1259342	1260328	0	color=(69,134,239)
Ga0004748_11	1260537	1261115	0	color=(69,134,239)
Ga0004748_11	1263874	1264356	0	color=(69,134,239)
Ga0004748_11	1267879	1268841	0	color=(69,134,239)
Ga0004748_11	1269347	1273030	0	color=(69,134,239)
Ga0004748_11	1273020	1274495	0	color=(69,134,239)
Ga0004748_11	1274515	1275045	0	color=(69,134,239)
Ga0004748_11	1275063	1275752	0	color=(69,134,239)
Ga0004748_11	1275889	1276581	0	color=(69,134,239)
Ga0004748_11	1276907	1277920	0	color=(69,134,239)
Ga0004748_11	1277938	1278951	0	color=(69,134,239)
Ga0004748_11	1278994	1280283	0	color=(69,134,239)
Ga0004748_11	1280328	1280798	0	color=(69,134,239)
Ga0004748_11	1280795	1281028	0	color=(69,134,239)
Ga0004748_11	1281109	1282278	0	color=(69,134,239)
Ga0004748_11	1282985	1283902	0	color=(69,134,239)
Ga0004748_11	1284837	1285310	0	color=(69,134,239)
Ga0004748_11	1284837	1285310	0	color=(69,134,239)
Ga0004748_11	1286010	1287434	0	color=(69,134,239)
Ga0004748_11	1286010	1287434	0	color=(69,134,239)
Ga0004748_11	1287493	1287810	0	color=(69,134,239)
Ga0004748_11	1287826	1290231	0	color=(69,134,239)
Ga0004748_11	1290440	1291147	0	color=(69,134,239)
Ga0004748_11	1293066	1293905	0	color=(69,134,239)
Ga0004748_11	1297380	1297655	0	color=(69,134,239)
Ga0004748_11	1298767	1299414	0	color=(69,134,239)
Ga0004748_11	1299411	1301306	0	color=(69,134,239)
Ga0004748_11	1302635	1302970	0	color=(69,134,239)
Ga0004748_11	1307221	1308909	0	color=(69,134,239)
Ga0004748_11	1314861	1317962	0	color=(69,134,239)
Ga0004748_11	1322196	1323560	0	color=(69,134,239)
Ga0004748_11	1323945	1325243	0	color=(69,134,239)
Ga0004748_11	1327408	1331418	0	color=(69,134,239)
Ga0004748_11	1344123	1345463	0	color=(69,134,239)
Ga0004748_11	1345541	1346416	0	color=(69,134,239)
Ga0004748_11	1346453	1347028	0	color=(69,134,239)
Ga0004748_11	1348052	1348714	0	color=(69,134,239)
Ga0004748_11	1351825	1352520	0	color=(69,134,239)
Ga0004748_11	1353031	1353519	0	color=(69,134,239)
Ga0004748_11	1354183	1354401	0	color=(69,134,239)
Ga0004748_11	1355781	1356491	0	color=(69,134,239)
Ga0004748_11	1356484	1357698	0	color=(69,134,239)
Ga0004748_11	1358661	1359302	0	color=(69,134,239)
Ga0004748_11	1362305	1363261	0	color=(69,134,239)
Ga0004748_11	1363281	1363769	0	color=(69,134,239)
Ga0004748_11	1363925	1365910	0	color=(69,134,239)
Ga0004748_11	1366150	1366785	0	color=(69,134,239)
Ga0004748_11	1366896	1367615	0	color=(69,134,239)
Ga0004748_11	1367657	1368313	0	color=(69,134,239)
Ga0004748_11	1368527	1368712	0	color=(69,134,239)
Ga0004748_11	1368770	1369495	0	color=(69,134,239)
Ga0004748_11	1372712	1373299	0	color=(69,134,239)
Ga0004748_11	1374013	1375914	0	color=(69,134,239)
Ga0004748_11	1376007	1376366	0	color=(69,134,239)
Ga0004748_11	1376850	1377836	0	color=(69,134,239)
Ga0004748_11	1378076	1379038	0	color=(69,134,239)
Ga0004748_11	1379165	1380040	0	color=(69,134,239)
Ga0004748_11	1384429	1385547	0	color=(69,134,239)
Ga0004748_11	1388540	1389577	0	color=(69,134,239)
Ga0004748_11	1392207	1393745	0	color=(69,134,239)
Ga0004748_11	1393760	1395109	0	color=(69,134,239)
Ga0004748_11	1395128	1396024	0	color=(69,134,239)
Ga0004748_11	1395128	1396024	0	color=(69,134,239)
Ga0004748_11	1399551	1400087	0	color=(69,134,239)
Ga0004748_11	1402041	1402988	0	color=(69,134,239)
Ga0004748_11	1402992	1404503	0	color=(69,134,239)
Ga0004748_11	1404717	1406144	0	color=(69,134,239)
Ga0004748_11	1411216	1411758	0	color=(69,134,239)
Ga0004748_11	1419929	1420627	0	color=(69,134,239)
Ga0004748_11	1419929	1420627	0	color=(69,134,239)
Ga0004748_11	1421290	1422558	0	color=(69,134,239)
Ga0004748_11	1423624	1425003	0	color=(69,134,239)
Ga0004748_11	1425214	1426635	0	color=(69,134,239)
Ga0004748_11	1428886	1429707	0	color=(69,134,239)
Ga0004748_11	1429689	1430444	0	color=(69,134,239)
Ga0004748_11	1432961	1433491	0	color=(69,134,239)
Ga0004748_11	1438926	1439777	0	color=(69,134,239)
Ga0004748_11	1441837	1442052	0	color=(69,134,239)
Ga0004748_11	1445760	1448258	0	color=(69,134,239)
Ga0004748_11	1445760	1448258	0	color=(69,134,239)
Ga0004748_11	1451014	1452135	0	color=(69,134,239)
Ga0004748_11	1452234	1453670	0	color=(69,134,239)
Ga0004748_11	1453689	1454597	0	color=(69,134,239)
Ga0004748_11	1456476	1457366	0	color=(69,134,239)
Ga0004748_11	1457389	1458849	0	color=(69,134,239)
Ga0004748_11	1457389	1458849	0	color=(69,134,239)
Ga0004748_11	1461887	1463044	0	color=(69,134,239)
Ga0004748_11	1463041	1466130	0	color=(69,134,239)
Ga0004748_11	1467643	1468845	0	color=(69,134,239)
Ga0004748_11	1469471	1470256	0	color=(69,134,239)
Ga0004748_11	1470282	1471481	0	color=(69,134,239)
Ga0004748_11	1471494	1473110	0	color=(69,134,239)
Ga0004748_11	1473135	1474028	0	color=(69,134,239)
Ga0004748_11	1474062	1481219	0	color=(69,134,239)
Ga0004748_11	1481216	1481440	0	color=(69,134,239)
Ga0004748_11	1482928	1483677	0	color=(69,134,239)
Ga0004748_11	1631146	1632570	0	color=(69,134,239)
Ga0004748_11	1632695	1633675	0	color=(69,134,239)
Ga0004748_11	1633908	1635224	0	color=(69,134,239)
Ga0004748_11	1636834	1638408	0	color=(69,134,239)
Ga0004748_11	1638435	1639526	0	color=(69,134,239)
Ga0004748_11	1639523	1640716	0	color=(69,134,239)
Ga0004748_11	1641041	1641859	0	color=(69,134,239)
Ga0004748_11	1641993	1643408	0	color=(69,134,239)
Ga0004748_11	1648598	1649917	0	color=(69,134,239)
Ga0004748_11	1649979	1651199	0	color=(69,134,239)
Ga0004748_11	1651236	1652363	0	color=(69,134,239)
Ga0004748_11	1652739	1654139	0	color=(69,134,239)
Ga0004748_11	1654818	1657223	0	color=(69,134,239)
Ga0004748_11	1660190	1661269	0	color=(69,134,239)
Ga0004748_11	1671501	1673327	0	color=(69,134,239)
Ga0004748_11	1673991	1675870	0	color=(69,134,239)
Ga0004748_11	1681419	1682018	0	color=(69,134,239)
Ga0004748_11	1689232	1690305	0	color=(69,134,239)
Ga0004748_11	1692036	1692734	0	color=(69,134,239)
Ga0004748_11	1692756	1693646	0	color=(69,134,239)
Ga0004748_11	1693938	1695257	0	color=(69,134,239)
Ga0004748_11	1696425	1696688	0	color=(69,134,239)
Ga0004748_11	1696685	1697713	0	color=(69,134,239)
Ga0004748_11	1700192	1701313	0	color=(69,134,239)
Ga0004748_11	1702630	1703958	0	color=(69,134,239)
Ga0004748_11	1705492	1707459	0	color=(69,134,239)
Ga0004748_11	1707864	1708397	0	color=(69,134,239)
Ga0004748_11	1713720	1714646	0	color=(69,134,239)
Ga0004748_11	1715879	1716721	0	color=(69,134,239)
Ga0004748_11	1717377	1718102	0	color=(69,134,239)
Ga0004748_11	1718099	1719118	0	color=(69,134,239)
Ga0004748_11	1722797	1724134	0	color=(69,134,239)
Ga0004748_11	1722797	1724134	0	color=(69,134,239)
Ga0004748_11	1724161	1724376	0	color=(69,134,239)
Ga0004748_11	1724398	1725309	0	color=(69,134,239)
Ga0004748_11	1727696	1729636	0	color=(69,134,239)
Ga0004748_11	1733933	1734949	0	color=(69,134,239)
Ga0004748_11	1738453	1739190	0	color=(69,134,239)
Ga0004748_11	1763342	1765033	0	color=(69,134,239)
Ga0004748_11	1767726	1769159	0	color=(69,134,239)
Ga0004748_11	1769178	1769621	0	color=(69,134,239)
Ga0004748_11	1770273	1771199	0	color=(69,134,239)
Ga0004748_11	1776272	1777825	0	color=(69,134,239)
Ga0004748_11	1777885	1778313	0	color=(69,134,239)
Ga0004748_11	1778464	1779378	0	color=(69,134,239)
Ga0004748_11	1782695	1784323	0	color=(69,134,239)
Ga0004748_11	1786268	1787038	0	color=(69,134,239)
Ga0004748_11	1787013	1788944	0	color=(69,134,239)
Ga0004748_11	1790382	1791623	0	color=(69,134,239)
Ga0004748_11	1791711	1792736	0	color=(69,134,239)
Ga0004748_11	1794279	1795193	0	color=(69,134,239)
Ga0004748_11	1795500	1796189	0	color=(69,134,239)
Ga0004748_11	1807076	1807354	0	color=(69,134,239)
Ga0004748_11	1818739	1819458	0	color=(69,134,239)
Ga0004748_11	1819705	1819905	0	color=(69,134,239)
Ga0004748_11	1838886	1839950	0	color=(69,134,239)
Ga0004748_11	1851415	1852047	0	color=(69,134,239)
Ga0004748_11	1855091	1855942	0	color=(69,134,239)
Ga0004748_11	1860589	1861119	0	color=(69,134,239)
Ga0004748_11	1862657	1863337	0	color=(69,134,239)
Ga0004748_11	1863747	1864295	0	color=(69,134,239)
Ga0004748_11	1864306	1866006	0	color=(69,134,239)
Ga0004748_11	1865999	1866799	0	color=(69,134,239)
Ga0004748_11	1867136	1868404	0	color=(69,134,239)
Ga0004748_11	1880572	1881453	0	color=(69,134,239)
Ga0004748_11	1882261	1883250	0	color=(69,134,239)
Ga0004748_11	1883498	1884097	0	color=(69,134,239)
Ga0004748_11	1901748	1902623	0	color=(69,134,239)
Ga0004748_11	1902909	1903754	0	color=(69,134,239)
Ga0004748_11	1905093	1906526	0	color=(69,134,239)
Ga0004748_11	1909255	1910178	0	color=(69,134,239)
Ga0004748_11	1910255	1910713	0	color=(69,134,239)
Ga0004748_11	1913587	1914795	0	color=(69,134,239)
Ga0004748_11	1917101	1918231	0	color=(69,134,239)
Ga0004748_11	1924750	1926377	0	color=(69,134,239)
Ga0004748_11	1930038	1930565	0	color=(69,134,239)
Ga0004748_11	1932034	1932813	0	color=(69,134,239)
Ga0004748_11	1937339	1938508	0	color=(69,134,239)
Ga0004748_11	1941749	1942189	0	color=(69,134,239)
Ga0004748_11	1942406	1943521	0	color=(69,134,239)
Ga0004748_11	1944648	1945415	0	color=(69,134,239)
Ga0004748_11	1946787	1947479	0	color=(69,134,239)
Ga0004748_11	1947927	1948592	0	color=(69,134,239)
Ga0004748_11	1948585	1950057	0	color=(69,134,239)
Ga0004748_11	1951482	1952159	0	color=(69,134,239)
Ga0004748_11	1952171	1953601	0	color=(69,134,239)
Ga0004748_11	1967318	1969876	0	color=(69,134,239)
Ga0004748_11	1972406	1974358	0	color=(69,134,239)
Ga0004748_11	1972406	1974358	0	color=(69,134,239)
Ga0004748_11	1977082	1978386	0	color=(69,134,239)
Ga0004748_11	1983540	1984709	0	color=(69,134,239)
Ga0004748_11	1988704	1990044	0	color=(69,134,239)
Ga0004748_11	1990060	1990839	0	color=(69,134,239)
Ga0004748_11	1993043	1993882	0	color=(69,134,239)
Ga0004748_11	1993915	1994544	0	color=(69,134,239)
Ga0004748_11	1994547	1995833	0	color=(69,134,239)
Ga0004748_11	2007878	2009257	0	color=(69,134,239)
Ga0004748_11	2009273	2010472	0	color=(69,134,239)
Ga0004748_11	2010500	2011534	0	color=(69,134,239)
Ga0004748_11	2011552	2012550	0	color=(69,134,239)
Ga0004748_11	2018176	2019012	0	color=(69,134,239)
Ga0004748_11	2019005	2020210	0	color=(69,134,239)
Ga0004748_11	2020382	2021239	0	color=(69,134,239)
Ga0004748_11	2021283	2021864	0	color=(69,134,239)
Ga0004748_11	2021886	2022572	0	color=(69,134,239)
Ga0004748_11	2023040	2023702	0	color=(69,134,239)
Ga0004748_11	2024376	2025743	0	color=(69,134,239)
Ga0004748_11	2031886	2032398	0	color=(69,134,239)
Ga0004748_11	2036162	2038237	0	color=(69,134,239)
Ga0004748_11	2039864	2041981	0	color=(69,134,239)
Ga0004748_11	2048140	2049069	0	color=(69,134,239)
Ga0004748_11	2049230	2049895	0	color=(69,134,239)
Ga0004748_11	2050142	2050645	0	color=(69,134,239)
Ga0004748_11	2051971	2053461	0	color=(69,134,239)
Ga0004748_11	2053592	2055076	0	color=(69,134,239)
Ga0004748_11	2055094	2055990	0	color=(69,134,239)
Ga0004748_11	2056013	2056954	0	color=(69,134,239)
Ga0004748_11	2056951	2057988	0	color=(69,134,239)
Ga0004748_11	2057985	2059160	0	color=(69,134,239)
Ga0004748_11	2061384	2061716	0	color=(69,134,239)
Ga0004748_11	2061713	2062957	0	color=(69,134,239)
Ga0004748_11	2066937	2068118	0	color=(69,134,239)
Ga0004748_11	2068455	2070077	0	color=(69,134,239)
Ga0004748_12	7082	8227	0	color=(69,134,239)
Ga0004748_12	8439	9332	0	color=(69,134,239)
Ga0004748_12	9581	10402	0	color=(69,134,239)
Ga0004748_12	11875	13221	0	color=(69,134,239)
Ga0004748_12	13709	15511	0	color=(69,134,239)
Ga0004748_12	15785	17749	0	color=(69,134,239)
Ga0004748_12	18496	19002	0	color=(69,134,239)
Ga0004748_12	20900	21676	0	color=(69,134,239)
Ga0004748_12	21714	22382	0	color=(69,134,239)
Ga0004748_12	22357	23397	0	color=(69,134,239)
Ga0004748_12	23410	24222	0	color=(69,134,239)
Ga0004748_12	30343	31539	0	color=(69,134,239)
Ga0004748_12	33441	34358	0	color=(69,134,239)
Ga0004748_12	34376	35380	0	color=(69,134,239)
Ga0004748_12	35337	36347	0	color=(69,134,239)
Ga0004748_12	36344	37117	0	color=(69,134,239)
Ga0004748_12	37131	38742	0	color=(69,134,239)
Ga0004748_12	39664	41304	0	color=(69,134,239)
Ga0004748_12	41709	43349	0	color=(69,134,239)
Ga0004748_12	44574	45377	0	color=(69,134,239)
Ga0004748_12	45564	46214	0	color=(69,134,239)
Ga0004748_12	46282	47133	0	color=(69,134,239)
Ga0004748_12	47434	48108	0	color=(69,134,239)
Ga0004748_12	48114	48920	0	color=(69,134,239)
Ga0004748_12	49081	50001	0	color=(69,134,239)
Ga0004748_12	53041	53646	0	color=(69,134,239)
Ga0004748_12	57775	58539	0	color=(69,134,239)
Ga0004748_12	65615	67342	0	color=(69,134,239)
Ga0004748_12	67446	68402	0	color=(69,134,239)
Ga0004748_12	68415	69338	0	color=(69,134,239)
Ga0004748_12	69349	70329	0	color=(69,134,239)
Ga0004748_12	70326	71291	0	color=(69,134,239)
Ga0004748_12	73774	74892	0	color=(69,134,239)
Ga0004748_12	75875	77053	0	color=(69,134,239)
Ga0004748_12	77287	78702	0	color=(69,134,239)
Ga0004748_12	80325	81410	0	color=(69,134,239)
Ga0004748_12	81474	82850	0	color=(69,134,239)
Ga0004748_12	83156	84745	0	color=(69,134,239)
Ga0004748_12	86460	86819	0	color=(69,134,239)
Ga0004748_12	88044	89213	0	color=(69,134,239)
Ga0004748_12	89522	89809	0	color=(69,134,239)
Ga0004748_12	89814	90164	0	color=(69,134,239)
Ga0004748_12	90233	92401	0	color=(69,134,239)
Ga0004748_12	92771	93229	0	color=(69,134,239)
Ga0004748_12	99726	100199	0	color=(69,134,239)
Ga0004748_12	100180	100872	0	color=(69,134,239)
Ga0004748_12	100887	101330	0	color=(69,134,239)
Ga0004748_12	101330	102346	0	color=(69,134,239)
Ga0004748_12	102830	104818	0	color=(69,134,239)
Ga0004748_12	104951	105580	0	color=(69,134,239)
Ga0004748_12	105798	106547	0	color=(69,134,239)
Ga0004748_12	106938	107222	0	color=(69,134,239)
Ga0004748_12	107261	108895	0	color=(69,134,239)
Ga0004748_12	109293	110840	0	color=(69,134,239)
Ga0004748_12	111228	112553	0	color=(69,134,239)
Ga0004748_12	113384	114889	0	color=(69,134,239)
Ga0004748_12	120200	121159	0	color=(69,134,239)
Ga0004748_12	128074	128871	0	color=(69,134,239)
Ga0004748_12	128889	129626	0	color=(69,134,239)
Ga0004748_12	129619	130548	0	color=(69,134,239)
Ga0004748_12	141845	142789	0	color=(69,134,239)
Ga0004748_12	158867	159352	0	color=(69,134,239)
Ga0004748_12	159349	160500	0	color=(69,134,239)
Ga0004748_12	160497	161804	0	color=(69,134,239)
Ga0004748_12	161893	162612	0	color=(69,134,239)
Ga0004748_12	162605	162859	0	color=(69,134,239)
Ga0004748_12	162856	163539	0	color=(69,134,239)
Ga0004748_12	163523	165742	0	color=(69,134,239)
Ga0004748_12	165727	167142	0	color=(69,134,239)
Ga0004748_12	167248	168288	0	color=(69,134,239)
Ga0004748_12	168285	168872	0	color=(69,134,239)
Ga0004748_12	168897	170432	0	color=(69,134,239)
Ga0004748_12	168897	170432	0	color=(69,134,239)
Ga0004748_12	170698	171969	0	color=(69,134,239)
Ga0004748_12	176156	176845	0	color=(69,134,239)
Ga0004748_12	176858	179107	0	color=(69,134,239)
Ga0004748_12	179122	181131	0	color=(69,134,239)
Ga0004748_12	182441	183211	0	color=(69,134,239)
Ga0004748_12	183366	184913	0	color=(69,134,239)
Ga0004748_12	187748	188767	0	color=(69,134,239)
Ga0004748_12	188757	189422	0	color=(69,134,239)
Ga0004748_12	189444	190298	0	color=(69,134,239)
Ga0004748_12	191215	192437	0	color=(69,134,239)
Ga0004748_12	193609	193899	0	color=(69,134,239)
Ga0004748_12	193609	193899	0	color=(69,134,239)
Ga0004748_12	193915	195372	0	color=(69,134,239)
Ga0004748_12	193915	195372	0	color=(69,134,239)
Ga0004748_12	195387	196814	0	color=(69,134,239)
Ga0004748_12	195387	196814	0	color=(69,134,239)
Ga0004748_12	197373	198278	0	color=(69,134,239)
Ga0004748_12	198419	199162	0	color=(69,134,239)
Ga0004748_12	199317	200681	0	color=(69,134,239)
Ga0004748_12	199317	200681	0	color=(69,134,239)
Ga0004748_12	202157	203608	0	color=(69,134,239)
Ga0004748_12	202157	203608	0	color=(69,134,239)
Ga0004748_12	202157	203608	0	color=(69,134,239)
Ga0004748_12	203656	203979	0	color=(69,134,239)
Ga0004748_12	204142	205371	0	color=(69,134,239)
Ga0004748_12	207863	209059	0	color=(69,134,239)
Ga0004748_12	209479	210855	0	color=(69,134,239)
Ga0004748_12	215202	215909	0	color=(69,134,239)
Ga0004748_12	219302	220723	0	color=(69,134,239)
Ga0004748_12	221017	222132	0	color=(69,134,239)
Ga0004748_12	223006	224532	0	color=(69,134,239)
Ga0004748_12	224547	225110	0	color=(69,134,239)
Ga0004748_12	225703	226932	0	color=(69,134,239)
Ga0004748_12	226945	227988	0	color=(69,134,239)
Ga0004748_12	228042	228683	0	color=(69,134,239)
Ga0004748_12	229112	230119	0	color=(69,134,239)
Ga0004748_12	230116	231156	0	color=(69,134,239)
Ga0004748_12	231205	232125	0	color=(69,134,239)
Ga0004748_12	232459	233508	0	color=(69,134,239)
Ga0004748_12	234734	235243	0	color=(69,134,239)
Ga0004748_12	235264	235713	0	color=(69,134,239)
Ga0004748_12	242257	243039	0	color=(69,134,239)
Ga0004748_12	243053	244354	0	color=(69,134,239)
Ga0004748_12	247744	248436	0	color=(69,134,239)
Ga0004748_12	248555	249349	0	color=(69,134,239)
Ga0004748_12	249472	250194	0	color=(69,134,239)
Ga0004748_12	250404	251696	0	color=(69,134,239)
Ga0004748_12	251843	252292	0	color=(69,134,239)
Ga0004748_12	252561	253793	0	color=(69,134,239)
Ga0004748_12	253824	254822	0	color=(69,134,239)
Ga0004748_12	254922	256337	0	color=(69,134,239)
Ga0004748_12	256375	257337	0	color=(69,134,239)
Ga0004748_12	260771	262435	0	color=(69,134,239)
Ga0004748_12	262641	264278	0	color=(69,134,239)
Ga0004748_12	264283	265074	0	color=(69,134,239)
Ga0004748_14	8462	8752	0	color=(69,134,239)
Ga0004748_14	8721	9596	0	color=(69,134,239)
Ga0004748_14	76910	77422	0	color=(69,134,239)
Ga0004748_14	77490	78149	0	color=(69,134,239)
Ga0004748_14	78286	78432	0	color=(69,134,239)
Ga0004748_14	78465	78644	0	color=(69,134,239)
Ga0004748_14	78776	79309	0	color=(69,134,239)
Ga0004748_14	79477	79902	0	color=(69,134,239)
Ga0004748_14	80079	80771	0	color=(69,134,239)
Ga0004748_14	81004	81504	0	color=(69,134,239)
Ga0004748_14	81572	81931	0	color=(69,134,239)
Ga0004748_14	82008	82607	0	color=(69,134,239)
Ga0004748_14	82899	86432	0	color=(69,134,239)
Ga0004748_14	86470	90081	0	color=(69,134,239)
Ga0004748_15	100051	101553	0	color=(69,134,239)
Ga0004748_15	101601	102644	0	color=(69,134,239)
Ga0004748_15	102641	103630	0	color=(69,134,239)
Ga0004748_15	103627	104580	0	color=(69,134,239)
Ga0004748_15	104577	106058	0	color=(69,134,239)
Ga0004748_15	107188	108750	0	color=(69,134,239)
Ga0004748_15	110692	111018	0	color=(69,134,239)
Ga0004748_15	113596	114789	0	color=(69,134,239)
Ga0004748_15	114839	116086	0	color=(69,134,239)
Ga0004748_15	116103	117206	0	color=(69,134,239)
Ga0004748_15	117897	118715	0	color=(69,134,239)
Ga0004748_15	121628	123052	0	color=(69,134,239)
Ga0004748_15	124894	125925	0	color=(69,134,239)
Ga0004748_15	126233	128620	0	color=(69,134,239)
Ga0004748_15	128910	129740	0	color=(69,134,239)
Ga0004748_15	130351	132024	0	color=(69,134,239)
Ga0004748_15	132815	133030	0	color=(69,134,239)
Ga0004748_15	135560	136141	0	color=(69,134,239)
Ga0004748_15	136141	136683	0	color=(69,134,239)
Ga0004748_15	136698	137081	0	color=(69,134,239)
Ga0004748_15	139215	140144	0	color=(69,134,239)
Ga0004748_15	142448	143905	0	color=(69,134,239)
Ga0004748_15	144144	145361	0	color=(69,134,239)
Ga0004748_15	145663	147042	0	color=(69,134,239)
Ga0004748_15	147261	149897	0	color=(69,134,239)
Ga0004748_15	151028	152782	0	color=(69,134,239)
Ga0004748_15	153069	154235	0	color=(69,134,239)
Ga0004748_15	157083	158015	0	color=(69,134,239)
Ga0004748_15	159848	161791	0	color=(69,134,239)
Ga0004748_15	164261	165133	0	color=(69,134,239)
Ga0004748_15	165121	165510	0	color=(69,134,239)
Ga0004748_15	166454	167479	0	color=(69,134,239)
Ga0004748_15	234329	234922	0	color=(69,134,239)
Ga0004748_15	234936	236771	0	color=(69,134,239)
Ga0004748_15	238174	238617	0	color=(69,134,239)
Ga0004748_15	242618	244156	0	color=(69,134,239)
Ga0004748_15	245997	246452	0	color=(69,134,239)
Ga0004748_15	246564	247994	0	color=(69,134,239)
Ga0004748_15	253813	256419	0	color=(69,134,239)
Ga0004748_15	256419	257951	0	color=(69,134,239)
Ga0004748_15	264513	265424	0	color=(69,134,239)
Ga0004748_15	264513	265424	0	color=(69,134,239)
Ga0004748_15	265704	266108	0	color=(69,134,239)
Ga0004748_15	266134	267174	0	color=(69,134,239)
Ga0004748_15	267691	267996	0	color=(69,134,239)
Ga0004748_15	273725	273937	0	color=(69,134,239)
Ga0004748_15	282590	282982	0	color=(69,134,239)
Ga0004748_15	289000	290166	0	color=(69,134,239)
Ga0004748_15	295521	296894	0	color=(69,134,239)
Ga0004748_15	300969	302306	0	color=(69,134,239)
Ga0004748_15	305151	306980	0	color=(69,134,239)
Ga0004748_15	306997	307758	0	color=(69,134,239)
Ga0004748_15	309902	310852	0	color=(69,134,239)
Ga0004748_15	314586	317783	0	color=(69,134,239)
Ga0004748_15	314586	317783	0	color=(69,134,239)
Ga0004748_15	324095	325090	0	color=(69,134,239)
Ga0004748_15	331640	332311	0	color=(69,134,239)
Ga0004748_15	332311	333375	0	color=(69,134,239)
Ga0004748_15	344046	345218	0	color=(69,134,239)
Ga0004748_15	345231	346313	0	color=(69,134,239)
Ga0004748_15	349985	352375	0	color=(69,134,239)
Ga0004748_15	361850	362569	0	color=(69,134,239)
Ga0004748_15	362630	363865	0	color=(69,134,239)
Ga0004748_15	369082	370341	0	color=(69,134,239)
Ga0004748_15	370396	371184	0	color=(69,134,239)
Ga0004748_15	371181	372086	0	color=(69,134,239)
Ga0004748_15	373581	374927	0	color=(69,134,239)
Ga0004748_15	375318	375893	0	color=(69,134,239)
Ga0004748_15	378274	378975	0	color=(69,134,239)
Ga0004748_15	378948	380609	0	color=(69,134,239)
Ga0004748_15	380582	381460	0	color=(69,134,239)
Ga0004748_15	384654	385133	0	color=(69,134,239)
Ga0004748_15	391601	392077	0	color=(69,134,239)
Ga0004748_15	392418	393695	0	color=(69,134,239)
Ga0004748_15	396792	397850	0	color=(69,134,239)
Ga0004748_15	400730	401488	0	color=(69,134,239)
Ga0004748_15	401546	403204	0	color=(69,134,239)
Ga0004748_15	403197	403922	0	color=(69,134,239)
Ga0004748_15	406178	406888	0	color=(69,134,239)
Ga0004748_15	406978	408027	0	color=(69,134,239)
Ga0004748_15	412322	412702	0	color=(69,134,239)
Ga0004748_15	415121	415684	0	color=(69,134,239)
Ga0004748_15	415895	416893	0	color=(69,134,239)
Ga0004748_15	417284	418441	0	color=(69,134,239)
Ga0004748_15	431640	432053	0	color=(69,134,239)
Ga0004748_15	435113	435880	0	color=(69,134,239)
Ga0004748_15	435882	436937	0	color=(69,134,239)
Ga0004748_15	442441	442614	0	color=(69,134,239)
Ga0004748_15	442661	443722	0	color=(69,134,239)
Ga0004748_15	443849	445390	0	color=(69,134,239)
Ga0004748_15	447243	447911	0	color=(69,134,239)
Ga0004748_15	448021	448914	0	color=(69,134,239)
Ga0004748_15	448021	448914	0	color=(69,134,239)
Ga0004748_15	449027	451021	0	color=(69,134,239)
Ga0004748_15	451061	452545	0	color=(69,134,239)
Ga0004748_15	453790	454785	0	color=(69,134,239)
Ga0004748_15	459506	460105	0	color=(69,134,239)
Ga0004748_15	461607	461978	0	color=(69,134,239)
Ga0004748_15	463194	464957	0	color=(69,134,239)
Ga0004748_15	465500	465853	0	color=(69,134,239)
Ga0004748_15	466279	467649	0	color=(69,134,239)
Ga0004748_15	469876	470271	0	color=(69,134,239)
Ga0004748_15	473188	474564	0	color=(69,134,239)
Ga0004748_15	488315	489037	0	color=(69,134,239)
Ga0004748_15	495608	496357	0	color=(69,134,239)
Ga0004748_15	496358	497119	0	color=(69,134,239)
Ga0004748_15	500673	501959	0	color=(69,134,239)
Ga0004748_15	502698	503471	0	color=(69,134,239)
Ga0004748_15	506413	507456	0	color=(69,134,239)
Ga0004748_15	508775	509221	0	color=(69,134,239)
Ga0004748_15	510324	511076	0	color=(69,134,239)
Ga0004748_15	512459	513850	0	color=(69,134,239)
Ga0004748_15	523266	523817	0	color=(69,134,239)
Ga0004748_15	524033	524941	0	color=(69,134,239)
Ga0004748_15	524963	525979	0	color=(69,134,239)
Ga0004748_15	525980	527014	0	color=(69,134,239)
Ga0004748_15	532988	533953	0	color=(69,134,239)
Ga0004748_15	534019	534729	0	color=(69,134,239)
Ga0004748_15	535420	537321	0	color=(69,134,239)
Ga0004748_15	538800	540341	0	color=(69,134,239)
Ga0004748_15	540545	541336	0	color=(69,134,239)
Ga0004748_15	541454	543241	0	color=(69,134,239)
Ga0004748_15	543289	544335	0	color=(69,134,239)
Ga0004748_15	546998	547414	0	color=(69,134,239)
Ga0004748_15	547582	548739	0	color=(69,134,239)
Ga0004748_15	553502	554446	0	color=(69,134,239)
Ga0004748_15	562146	563144	0	color=(69,134,239)
Ga0004748_15	566397	566996	0	color=(69,134,239)
Ga0004748_15	568243	569634	0	color=(69,134,239)
Ga0004748_15	572193	572684	0	color=(69,134,239)
Ga0004748_15	573304	574740	0	color=(69,134,239)
Ga0004748_15	574807	576006	0	color=(69,134,239)
Ga0004748_15	577696	579111	0	color=(69,134,239)
Ga0004748_15	579383	580759	0	color=(69,134,239)
Ga0004748_15	589361	590110	0	color=(69,134,239)
Ga0004748_15	593268	594356	0	color=(69,134,239)
Ga0004748_15	596899	598881	0	color=(69,134,239)
Ga0004748_15	615123	616601	0	color=(69,134,239)
Ga0004748_15	617745	618983	0	color=(69,134,239)
Ga0004748_15	619287	620519	0	color=(69,134,239)
Ga0004748_15	621270	622013	0	color=(69,134,239)
Ga0004748_15	628255	629508	0	color=(69,134,239)
Ga0004748_15	629889	632804	0	color=(69,134,239)
Ga0004748_15	633008	633685	0	color=(69,134,239)
Ga0004748_15	634542	635450	0	color=(69,134,239)
Ga0004748_15	640512	640712	0	color=(69,134,239)
Ga0004748_15	641843	642286	0	color=(69,134,239)
Ga0004748_15	642513	643133	0	color=(69,134,239)
Ga0004748_15	652260	653009	0	color=(69,134,239)
Ga0004748_15	653045	653878	0	color=(69,134,239)
Ga0004748_15	653945	655453	0	color=(69,134,239)
Ga0004748_15	656782	657714	0	color=(69,134,239)
Ga0004748_15	657837	659270	0	color=(69,134,239)
Ga0004748_15	659826	661310	0	color=(69,134,239)
Ga0004748_15	661361	662101	0	color=(69,134,239)
Ga0004748_15	662458	664311	0	color=(69,134,239)
Ga0004748_15	664411	664836	0	color=(69,134,239)
Ga0004748_15	664916	665857	0	color=(69,134,239)
Ga0004748_15	667062	668111	0	color=(69,134,239)
Ga0004748_15	668184	668420	0	color=(69,134,239)
Ga0004748_15	668425	668889	0	color=(69,134,239)
Ga0004748_15	668870	670177	0	color=(69,134,239)
Ga0004748_15	670195	671211	0	color=(69,134,239)
Ga0004748_15	672206	673222	0	color=(69,134,239)
Ga0004748_15	673239	674036	0	color=(69,134,239)
Ga0004748_15	675008	677947	0	color=(69,134,239)
Ga0004748_15	678246	679784	0	color=(69,134,239)
Ga0004748_15	682090	683472	0	color=(69,134,239)
Ga0004748_15	692117	693823	0	color=(69,134,239)
Ga0004748_15	694116	695822	0	color=(69,134,239)
Ga0004748_15	696194	697906	0	color=(69,134,239)
Ga0004748_15	700321	700854	0	color=(69,134,239)
Ga0004748_15	701059	701865	0	color=(69,134,239)
Ga0004748_15	701858	702751	0	color=(69,134,239)
Ga0004748_15	704632	705075	0	color=(69,134,239)
Ga0004748_15	705131	706162	0	color=(69,134,239)
Ga0004748_15	706433	708856	0	color=(69,134,239)
Ga0004748_15	708858	710822	0	color=(69,134,239)
Ga0004748_15	713832	714284	0	color=(69,134,239)
Ga0004748_15	714281	716137	0	color=(69,134,239)
Ga0004748_15	716363	716959	0	color=(69,134,239)
Ga0004748_15	717385	717804	0	color=(69,134,239)
Ga0004748_15	717914	719206	0	color=(69,134,239)
Ga0004748_15	719293	719427	0	color=(69,134,239)
Ga0004748_15	719754	720701	0	color=(69,134,239)
Ga0004748_15	721941	723575	0	color=(69,134,239)
Ga0004748_15	723693	726416	0	color=(69,134,239)
Ga0004748_15	726708	726857	0	color=(69,134,239)
Ga0004748_15	728056	728178	0	color=(69,134,239)
Ga0004748_15	728302	728682	0	color=(69,134,239)
Ga0004748_15	730581	731783	0	color=(69,134,239)
Ga0004748_15	732964	734055	0	color=(69,134,239)
Ga0004748_15	734048	735511	0	color=(69,134,239)
Ga0004748_15	735578	736153	0	color=(69,134,239)
Ga0004748_15	736277	737890	0	color=(69,134,239)
Ga0004748_15	738679	739530	0	color=(69,134,239)
Ga0004748_15	742648	743100	0	color=(69,134,239)
Ga0004748_15	747078	747686	0	color=(69,134,239)
Ga0004748_15	747711	748649	0	color=(69,134,239)
Ga0004748_15	748990	750468	0	color=(69,134,239)
Ga0004748_15	751365	752939	0	color=(69,134,239)
Ga0004748_15	753007	754134	0	color=(69,134,239)
Ga0004748_15	754698	755174	0	color=(69,134,239)
Ga0004748_15	755421	756392	0	color=(69,134,239)
Ga0004748_15	756371	757642	0	color=(69,134,239)
Ga0004748_15	757655	759313	0	color=(69,134,239)
Ga0004748_15	759337	760854	0	color=(69,134,239)
Ga0004748_15	760958	761398	0	color=(69,134,239)
Ga0004748_15	765457	766164	0	color=(69,134,239)
Ga0004748_15	767694	768839	0	color=(69,134,239)
Ga0004748_15	768887	769831	0	color=(69,134,239)
Ga0004748_15	769824	770735	0	color=(69,134,239)
Ga0004748_15	773317	773682	0	color=(69,134,239)
Ga0004748_15	775492	776247	0	color=(69,134,239)
Ga0004748_15	779793	781556	0	color=(69,134,239)
Ga0004748_15	781556	783307	0	color=(69,134,239)
Ga0004748_15	783430	783651	0	color=(69,134,239)
Ga0004748_15	784326	786326	0	color=(69,134,239)
Ga0004748_15	786623	787426	0	color=(69,134,239)
Ga0004748_15	787426	788220	0	color=(69,134,239)
Ga0004748_15	788217	788990	0	color=(69,134,239)
Ga0004748_15	789086	790024	0	color=(69,134,239)
Ga0004748_15	790209	791792	0	color=(69,134,239)
Ga0004748_15	790209	791792	0	color=(69,134,239)
Ga0004748_15	792916	793536	0	color=(69,134,239)
Ga0004748_15	794967	795290	0	color=(69,134,239)
Ga0004748_15	795909	797243	0	color=(69,134,239)
Ga0004748_15	797292	797681	0	color=(69,134,239)
Ga0004748_15	799119	800393	0	color=(69,134,239)
Ga0004748_15	801378	802334	0	color=(69,134,239)
Ga0004748_15	807287	807511	0	color=(69,134,239)
Ga0004748_15	807533	808486	0	color=(69,134,239)
Ga0004748_15	810257	812113	0	color=(69,134,239)
Ga0004748_15	812127	813038	0	color=(69,134,239)
Ga0004748_15	813035	813787	0	color=(69,134,239)
Ga0004748_15	813947	815110	0	color=(69,134,239)
Ga0004748_15	815226	815768	0	color=(69,134,239)
Ga0004748_15	816560	817954	0	color=(69,134,239)
Ga0004748_15	818225	819307	0	color=(69,134,239)
Ga0004748_15	819444	820337	0	color=(69,134,239)
Ga0004748_15	821487	821759	0	color=(69,134,239)
Ga0004748_15	821779	822258	0	color=(69,134,239)
Ga0004748_15	822416	824836	0	color=(69,134,239)
Ga0004748_15	824932	825138	0	color=(69,134,239)
Ga0004748_15	826448	827266	0	color=(69,134,239)
Ga0004748_15	827282	828103	0	color=(69,134,239)
Ga0004748_15	828118	829140	0	color=(69,134,239)
Ga0004748_15	829133	830140	0	color=(69,134,239)
Ga0004748_15	830168	831133	0	color=(69,134,239)
Ga0004748_15	831434	832192	0	color=(69,134,239)
Ga0004748_15	832346	832942	0	color=(69,134,239)
Ga0004748_15	832923	833453	0	color=(69,134,239)
Ga0004748_15	833450	834361	0	color=(69,134,239)
Ga0004748_15	834400	835632	0	color=(69,134,239)
Ga0004748_15	835829	836467	0	color=(69,134,239)
Ga0004748_15	837199	837774	0	color=(69,134,239)
Ga0004748_15	841950	843014	0	color=(69,134,239)
Ga0004748_15	848325	848681	0	color=(69,134,239)
Ga0004748_15	850746	851453	0	color=(69,134,239)
Ga0004748_15	851484	852893	0	color=(69,134,239)
Ga0004748_15	853086	854075	0	color=(69,134,239)
Ga0004748_15	856389	857186	0	color=(69,134,239)
Ga0004748_15	857452	858789	0	color=(69,134,239)
Ga0004748_15	865010	866953	0	color=(69,134,239)
Ga0004748_15	866962	869634	0	color=(69,134,239)
Ga0004748_15	869815	870357	0	color=(69,134,239)
Ga0004748_15	870919	872448	0	color=(69,134,239)
Ga0004748_15	872878	873744	0	color=(69,134,239)
Ga0004748_15	873731	875488	0	color=(69,134,239)
Ga0004748_15	875714	876637	0	color=(69,134,239)
Ga0004748_15	876697	876957	0	color=(69,134,239)
Ga0004748_15	877107	877901	0	color=(69,134,239)
Ga0004748_15	878064	879629	0	color=(69,134,239)
Ga0004748_15	880112	881143	0	color=(69,134,239)
Ga0004748_15	881288	882526	0	color=(69,134,239)
Ga0004748_15	882547	883125	0	color=(69,134,239)
Ga0004748_15	885370	886083	0	color=(69,134,239)
Ga0004748_15	888958	889917	0	color=(69,134,239)
Ga0004748_15	889918	890976	0	color=(69,134,239)
Ga0004748_15	890969	892501	0	color=(69,134,239)
Ga0004748_15	892619	893695	0	color=(69,134,239)
Ga0004748_15	893784	894509	0	color=(69,134,239)
Ga0004748_15	895048	897429	0	color=(69,134,239)
Ga0004748_15	898695	900365	0	color=(69,134,239)
Ga0004748_15	901292	902170	0	color=(69,134,239)
Ga0004748_15	902182	903414	0	color=(69,134,239)
Ga0004748_15	903438	904484	0	color=(69,134,239)
Ga0004748_15	912850	914172	0	color=(69,134,239)
Ga0004748_15	921289	921729	0	color=(69,134,239)
Ga0004748_15	921726	922628	0	color=(69,134,239)
Ga0004748_15	925566	927704	0	color=(69,134,239)
Ga0004748_15	927865	928134	0	color=(69,134,239)
Ga0004748_15	928235	929206	0	color=(69,134,239)
Ga0004748_15	928235	929206	0	color=(69,134,239)
Ga0004748_15	929250	930173	0	color=(69,134,239)
Ga0004748_15	930260	930616	0	color=(69,134,239)
Ga0004748_15	930632	930913	0	color=(69,134,239)
Ga0004748_15	930910	932976	0	color=(69,134,239)
Ga0004748_15	933293	933565	0	color=(69,134,239)
Ga0004748_15	933577	934683	0	color=(69,134,239)
Ga0004748_15	934701	935171	0	color=(69,134,239)
Ga0004748_15	935505	939806	0	color=(69,134,239)
Ga0004748_15	939931	941631	0	color=(69,134,239)
Ga0004748_15	941741	942997	0	color=(69,134,239)
Ga0004748_15	943015	944157	0	color=(69,134,239)
Ga0004748_15	944181	944972	0	color=(69,134,239)
Ga0004748_15	944990	945766	0	color=(69,134,239)
Ga0004748_15	945852	946409	0	color=(69,134,239)
Ga0004748_15	946412	947134	0	color=(69,134,239)
Ga0004748_15	947201	948088	0	color=(69,134,239)
Ga0004748_15	948192	948893	0	color=(69,134,239)
Ga0004748_15	949242	950021	0	color=(69,134,239)
Ga0004748_15	950099	951490	0	color=(69,134,239)
Ga0004748_15	951513	952055	0	color=(69,134,239)
Ga0004748_15	952098	952997	0	color=(69,134,239)
Ga0004748_15	953063	954367	0	color=(69,134,239)
Ga0004748_15	954416	956494	0	color=(69,134,239)
Ga0004748_15	956639	957508	0	color=(69,134,239)
Ga0004748_15	957597	958499	0	color=(69,134,239)
Ga0004748_15	958519	959679	0	color=(69,134,239)
Ga0004748_15	959873	960646	0	color=(69,134,239)
Ga0004748_15	960703	961593	0	color=(69,134,239)
Ga0004748_15	961614	962165	0	color=(69,134,239)
Ga0004748_15	962267	962611	0	color=(69,134,239)
Ga0004748_15	962758	963492	0	color=(69,134,239)
Ga0004748_15	963492	964007	0	color=(69,134,239)
Ga0004748_15	964128	964355	0	color=(69,134,239)
Ga0004748_15	964370	964642	0	color=(69,134,239)
Ga0004748_15	964744	966093	0	color=(69,134,239)
Ga0004748_15	966106	966438	0	color=(69,134,239)
Ga0004748_15	966571	967560	0	color=(69,134,239)
Ga0004748_15	967576	971145	0	color=(69,134,239)
Ga0004748_15	971293	972030	0	color=(69,134,239)
Ga0004748_15	972089	972322	0	color=(69,134,239)
Ga0004748_15	972392	973132	0	color=(69,134,239)
Ga0004748_15	973132	974076	0	color=(69,134,239)
Ga0004748_15	974091	975083	0	color=(69,134,239)
Ga0004748_15	975762	977810	0	color=(69,134,239)
Ga0004748_15	978101	979777	0	color=(69,134,239)
Ga0004748_15	980539	980727	0	color=(69,134,239)
Ga0004748_15	980801	980881	0	color=(69,134,239)
Ga0004748_15	980948	981628	0	color=(69,134,239)
Ga0004748_15	981698	982342	0	color=(69,134,239)
Ga0004748_15	982345	983226	0	color=(69,134,239)
Ga0004748_15	983474	985447	0	color=(69,134,239)
Ga0004748_15	985456	986208	0	color=(69,134,239)
Ga0004748_15	986213	987301	0	color=(69,134,239)
Ga0004748_15	987306	988640	0	color=(69,134,239)
Ga0004748_15	988637	989581	0	color=(69,134,239)
Ga0004748_15	989605	990075	0	color=(69,134,239)
Ga0004748_15	990087	992492	0	color=(69,134,239)
Ga0004748_15	1008596	1009525	0	color=(69,134,239)
Ga0004748_15	1009522	1010301	0	color=(69,134,239)
Ga0004748_15	1010298	1013516	0	color=(69,134,239)
Ga0004748_15	1013501	1014598	0	color=(69,134,239)
Ga0004748_15	1014595	1015881	0	color=(69,134,239)
Ga0004748_15	1015865	1016779	0	color=(69,134,239)
Ga0004748_15	1016928	1018220	0	color=(69,134,239)
Ga0004748_15	1018367	1018909	0	color=(69,134,239)
Ga0004748_15	1019114	1020022	0	color=(69,134,239)
Ga0004748_15	1020027	1020485	0	color=(69,134,239)
Ga0004748_15	1021097	1023862	0	color=(69,134,239)
Ga0004748_15	1024209	1024715	0	color=(69,134,239)
Ga0004748_15	1025588	1025851	0	color=(69,134,239)
Ga0004748_15	1025858	1026328	0	color=(69,134,239)
Ga0004748_15	1026348	1027022	0	color=(69,134,239)
Ga0004748_15	1027019	1027837	0	color=(69,134,239)
Ga0004748_15	1028405	1029274	0	color=(69,134,239)
Ga0004748_15	1029342	1030061	0	color=(69,134,239)
Ga0004748_15	1030081	1030998	0	color=(69,134,239)
Ga0004748_15	1031259	1032413	0	color=(69,134,239)
Ga0004748_15	1032453	1033760	0	color=(69,134,239)
Ga0004748_15	1034160	1034930	0	color=(69,134,239)
Ga0004748_15	1035029	1035934	0	color=(69,134,239)
Ga0004748_15	1036148	1037317	0	color=(69,134,239)
Ga0004748_15	1037346	1038437	0	color=(69,134,239)
Ga0004748_15	1038528	1039880	0	color=(69,134,239)
Ga0004748_15	1039881	1040855	0	color=(69,134,239)
Ga0004748_15	1040878	1042353	0	color=(69,134,239)
Ga0004748_15	1042539	1044455	0	color=(69,134,239)
Ga0004748_15	1044537	1046636	0	color=(69,134,239)
Ga0004748_15	1047087	1048019	0	color=(69,134,239)
Ga0004748_15	1050083	1050967	0	color=(69,134,239)
Ga0004748_15	1052409	1052582	0	color=(69,134,239)
Ga0004748_15	1052644	1053144	0	color=(69,134,239)
Ga0004748_15	1054549	1055586	0	color=(69,134,239)
Ga0004748_15	1055579	1056370	0	color=(69,134,239)
Ga0004748_15	1057705	1058196	0	color=(69,134,239)
Ga0004748_15	1060662	1061234	0	color=(69,134,239)
Ga0004748_15	1063841	1064839	0	color=(69,134,239)
Ga0004748_15	1065073	1065978	0	color=(69,134,239)
Ga0004748_15	1066059	1066391	0	color=(69,134,239)
Ga0004748_15	1066395	1067018	0	color=(69,134,239)
Ga0004748_15	1067018	1068880	0	color=(69,134,239)
Ga0004748_15	1068914	1069963	0	color=(69,134,239)
Ga0004748_15	1070057	1070980	0	color=(69,134,239)
Ga0004748_15	1071478	1072413	0	color=(69,134,239)
Ga0004748_15	1074149	1074796	0	color=(69,134,239)
Ga0004748_15	1078443	1081889	0	color=(69,134,239)
Ga0004748_15	1082223	1083401	0	color=(69,134,239)
Ga0004748_15	1084499	1085827	0	color=(69,134,239)
Ga0004748_15	1087657	1089501	0	color=(69,134,239)
Ga0004748_15	1089854	1090657	0	color=(69,134,239)
Ga0004748_15	1092349	1093960	0	color=(69,134,239)
Ga0004748_15	1094036	1094866	0	color=(69,134,239)
Ga0004748_15	1096869	1098281	0	color=(69,134,239)
Ga0004748_15	1098287	1099576	0	color=(69,134,239)
Ga0004748_15	1099670	1100647	0	color=(69,134,239)
Ga0004748_15	1100651	1101766	0	color=(69,134,239)
Ga0004748_15	1102596	1103150	0	color=(69,134,239)
Ga0004748_15	1103211	1103984	0	color=(69,134,239)
Ga0004748_15	1104749	1106416	0	color=(69,134,239)
Ga0004748_15	1106460	1107125	0	color=(69,134,239)
Ga0004748_15	1107208	1108074	0	color=(69,134,239)
Ga0004748_15	1108322	1109452	0	color=(69,134,239)
Ga0004748_15	1109516	1110238	0	color=(69,134,239)
Ga0004748_15	1112275	1112793	0	color=(69,134,239)
Ga0004748_15	1117181	1118038	0	color=(69,134,239)
Ga0004748_15	1118533	1120641	0	color=(69,134,239)
Ga0004748_15	1120750	1122318	0	color=(69,134,239)
Ga0004748_15	1120750	1122318	0	color=(69,134,239)
Ga0004748_15	1128926	1131214	0	color=(69,134,239)
Ga0004748_15	1133128	1134402	0	color=(69,134,239)
Ga0004748_15	1135036	1136199	0	color=(69,134,239)
Ga0004748_15	1137505	1138347	0	color=(69,134,239)
Ga0004748_15	1138348	1139649	0	color=(69,134,239)
Ga0004748_15	1139726	1140985	0	color=(69,134,239)
Ga0004748_15	1143111	1144805	0	color=(69,134,239)
Ga0004748_15	1145050	1146150	0	color=(69,134,239)
Ga0004748_15	1150667	1151842	0	color=(69,134,239)
Ga0004748_15	1155339	1155671	0	color=(69,134,239)
Ga0004748_15	1155868	1156644	0	color=(69,134,239)
Ga0004748_15	1156904	1157965	0	color=(69,134,239)
Ga0004748_15	1157962	1159143	0	color=(69,134,239)
Ga0004748_15	1159447	1160310	0	color=(69,134,239)
Ga0004748_15	1160325	1161503	0	color=(69,134,239)
Ga0004748_15	1161738	1162982	0	color=(69,134,239)
Ga0004748_15	1162979	1163638	0	color=(69,134,239)
Ga0004748_15	1163635	1164273	0	color=(69,134,239)
Ga0004748_15	1164251	1164763	0	color=(69,134,239)
Ga0004748_15	1164251	1164763	0	color=(69,134,239)
Ga0004748_15	1165701	1166579	0	color=(69,134,239)
Ga0004748_15	1171160	1172872	0	color=(69,134,239)
Ga0004748_15	1172872	1173135	0	color=(69,134,239)
Ga0004748_15	1173271	1175334	0	color=(69,134,239)
Ga0004748_15	1175674	1176522	0	color=(69,134,239)
Ga0004748_15	1176688	1177494	0	color=(69,134,239)
Ga0004748_15	1177568	1178245	0	color=(69,134,239)
Ga0004748_15	1178229	1179017	0	color=(69,134,239)
Ga0004748_15	1179022	1180164	0	color=(69,134,239)
Ga0004748_15	1181357	1181929	0	color=(69,134,239)
Ga0004748_15	1182088	1182831	0	color=(69,134,239)
Ga0004748_15	1183196	1183714	0	color=(69,134,239)
Ga0004748_15	1183735	1184103	0	color=(69,134,239)
Ga0004748_15	1184564	1185001	0	color=(69,134,239)
Ga0004748_15	1186988	1188460	0	color=(69,134,239)
Ga0004748_15	1188447	1189016	0	color=(69,134,239)
Ga0004748_15	1189022	1189372	0	color=(69,134,239)
Ga0004748_15	1189376	1190392	0	color=(69,134,239)
Ga0004748_15	1190406	1190864	0	color=(69,134,239)
Ga0004748_15	1190879	1191301	0	color=(69,134,239)
Ga0004748_15	1191288	1191908	0	color=(69,134,239)
Ga0004748_15	1192122	1193648	0	color=(69,134,239)
Ga0004748_15	1193784	1194542	0	color=(69,134,239)
Ga0004748_15	1194555	1194995	0	color=(69,134,239)
Ga0004748_15	1194996	1195346	0	color=(69,134,239)
Ga0004748_15	1195516	1196706	0	color=(69,134,239)
Ga0004748_15	1196873	1197292	0	color=(69,134,239)
Ga0004748_15	1197258	1198139	0	color=(69,134,239)
Ga0004748_15	1200657	1201328	0	color=(69,134,239)
Ga0004748_15	1201463	1202752	0	color=(69,134,239)
Ga0004748_15	1202785	1203747	0	color=(69,134,239)
Ga0004748_15	1203809	1205113	0	color=(69,134,239)
Ga0004748_15	1205121	1205942	0	color=(69,134,239)
Ga0004748_15	1205955	1207139	0	color=(69,134,239)
Ga0004748_15	1208382	1209272	0	color=(69,134,239)
Ga0004748_15	1209613	1210068	0	color=(69,134,239)
Ga0004748_15	1210176	1210823	0	color=(69,134,239)
Ga0004748_15	1211525	1212064	0	color=(69,134,239)
Ga0004748_15	1215351	1216940	0	color=(69,134,239)
Ga0004748_15	1865230	1876629	0	color=(69,134,239)
Ga0004748_15	1896896	1897561	0	color=(69,134,239)
Ga0004748_15	1898764	1900752	0	color=(69,134,239)
Ga0004748_15	1900749	1900976	0	color=(69,134,239)
Ga0004748_15	1901359	1902030	0	color=(69,134,239)
Ga0004748_15	1904812	1905432	0	color=(69,134,239)
Ga0004748_15	1907083	1907610	0	color=(69,134,239)
Ga0004748_15	1913446	1915395	0	color=(69,134,239)
Ga0004748_15	1915382	1916152	0	color=(69,134,239)
Ga0004748_15	1916459	1917331	0	color=(69,134,239)
Ga0004748_15	1920962	1922941	0	color=(69,134,239)
Ga0004748_15	1923010	1924965	0	color=(69,134,239)
Ga0004748_15	1924985	1925737	0	color=(69,134,239)
Ga0004748_15	1925734	1927710	0	color=(69,134,239)
Ga0004748_15	1930292	1931308	0	color=(69,134,239)
Ga0004748_15	1932058	1933161	0	color=(69,134,239)
Ga0004748_15	1933139	1934239	0	color=(69,134,239)
Ga0004748_15	1934598	1935458	0	color=(69,134,239)
Ga0004748_15	1937538	1938644	0	color=(69,134,239)
Ga0004748_15	1938645	1940090	0	color=(69,134,239)
Ga0004748_15	1940343	1941161	0	color=(69,134,239)
Ga0004748_15	1941230	1942042	0	color=(69,134,239)
Ga0004748_15	1942039	1943793	0	color=(69,134,239)
Ga0004748_15	1943790	1945184	0	color=(69,134,239)
Ga0004748_15	1945379	1946332	0	color=(69,134,239)
Ga0004748_15	1945379	1946332	0	color=(69,134,239)
Ga0004748_15	1947218	1947418	0	color=(69,134,239)
Ga0004748_15	1950046	1950768	0	color=(69,134,239)
Ga0004748_15	1951083	1953491	0	color=(69,134,239)
Ga0004748_15	1953510	1955006	0	color=(69,134,239)
Ga0004748_15	1955054	1956088	0	color=(69,134,239)
Ga0004748_15	1956107	1957237	0	color=(69,134,239)
Ga0004748_15	1957185	1959122	0	color=(69,134,239)
Ga0004748_15	1964777	1965721	0	color=(69,134,239)
Ga0004748_15	1973571	1974251	0	color=(69,134,239)
Ga0004748_15	1974344	1975339	0	color=(69,134,239)
Ga0004748_15	1975847	1977199	0	color=(69,134,239)
Ga0004748_15	1977474	1977707	0	color=(69,134,239)
Ga0004748_15	1977817	1978161	0	color=(69,134,239)
Ga0004748_15	1978415	1979605	0	color=(69,134,239)
Ga0004748_15	1980218	1981210	0	color=(69,134,239)
Ga0004748_15	1982649	1983800	0	color=(69,134,239)
Ga0004748_15	1984000	1984539	0	color=(69,134,239)
Ga0004748_15	1984890	1985333	0	color=(69,134,239)
Ga0004748_15	1985374	1985997	0	color=(69,134,239)
Ga0004748_15	1989336	1990712	0	color=(69,134,239)
Ga0004748_15	1992025	1992618	0	color=(69,134,239)
Ga0004748_15	1992664	1993551	0	color=(69,134,239)
Ga0004748_15	1993660	1995384	0	color=(69,134,239)
Ga0004748_15	1996308	1997792	0	color=(69,134,239)
Ga0004748_15	1999789	2000997	0	color=(69,134,239)
Ga0004748_15	2001460	2002449	0	color=(69,134,239)
Ga0004748_15	2019009	2019875	0	color=(69,134,239)
Ga0004748_15	2020714	2021784	0	color=(69,134,239)
Ga0004748_15	2022246	2022905	0	color=(69,134,239)
Ga0004748_15	2022889	2023686	0	color=(69,134,239)
Ga0004748_15	2023907	2024248	0	color=(69,134,239)
Ga0004748_15	2025884	2026561	0	color=(69,134,239)
Ga0004748_15	2036002	2036583	0	color=(69,134,239)
Ga0004748_15	2036772	2037539	0	color=(69,134,239)
Ga0004748_15	2038945	2039916	0	color=(69,134,239)
Ga0004748_15	2044397	2044951	0	color=(69,134,239)
Ga0004748_15	2045026	2045505	0	color=(69,134,239)
Ga0004748_15	2045526	2046422	0	color=(69,134,239)
Ga0004748_15	2048823	2050103	0	color=(69,134,239)
Ga0004748_16	204021	205163	0	color=(69,134,239)
Ga0004748_16	207653	208114	0	color=(69,134,239)
Ga0004748_17	8543	9637	0	color=(69,134,239)
Ga0004748_17	20263	21021	0	color=(69,134,239)
Ga0004748_17	21036	21800	0	color=(69,134,239)
Ga0004748_17	24199	24828	0	color=(69,134,239)
Ga0004748_17	30697	31611	0	color=(69,134,239)
Ga0004748_17	49983	50920	0	color=(69,134,239)
Ga0004748_17	52705	53871	0	color=(69,134,239)
Ga0004748_17	74609	75147	0	color=(69,134,239)