Ga0004748_11	1413601	1415025	0	color=(31,119,180)
Ga0004748_15	1456896	1458029	0	color=(31,119,180)
Ga0004748_15	121628	123052	0	color=(31,119,180)
Ga0004748_15	1928126	1929451	0	color=(31,119,180)
Ga0004748_16	133275	134975	0	color=(31,119,180)
Ga0004748_15	1932058	1933161	0	color=(31,119,180)
Ga0004748_11	1692036	1692734	0	color=(31,119,180)
Ga0004748_11	176493	177542	0	color=(31,119,180)
Ga0004748_11	2046392	2048038	0	color=(31,119,180)
Ga0004748_11	984879	985778	0	color=(31,119,180)
Ga0004748_13	32270	33679	0	color=(31,119,180)
Ga0004748_16	159065	160264	0	color=(31,119,180)
Ga0004748_11	2051971	2053461	0	color=(31,119,180)
Ga0004748_11	37391	38491	0	color=(31,119,180)
Ga0004748_11	1457389	1458849	0	color=(31,119,180)
Ga0004748_11	579479	580141	0	color=(31,119,180)
Ga0004748_15	181924	183390	0	color=(31,119,180)
Ga0004748_11	1487585	1488952	0	color=(31,119,180)
Ga0004748_11	2056951	2057988	0	color=(31,119,180)
Ga0004748_11	1763342	1765033	0	color=(31,119,180)
Ga0004748_13	77519	78184	0	color=(31,119,180)
Ga0004748_11	74642	75958	0	color=(31,119,180)
Ga0004748_15	1996308	1997792	0	color=(31,119,180)
Ga0004748_15	201430	202143	0	color=(31,119,180)
Ga0004748_11	1529535	1530578	0	color=(31,119,180)
Ga0004748_11	618707	619603	0	color=(31,119,180)
Ga0004748_13	105539	106468	0	color=(31,119,180)
Ga0004748_12	8439	9332	0	color=(31,119,180)
Ga0004748_11	622152	623162	0	color=(31,119,180)
Ga0004748_11	623164	624684	0	color=(31,119,180)
Ga0004748_11	629329	629964	0	color=(31,119,180)
Ga0004748_11	629976	631265	0	color=(31,119,180)
Ga0004748_11	631265	631849	0	color=(31,119,180)
Ga0004748_11	633920	634225	0	color=(31,119,180)
Ga0004748_11	640849	642165	0	color=(31,119,180)
Ga0004748_11	130623	132062	0	color=(31,119,180)
Ga0004748_11	1587819	1589000	0	color=(31,119,180)
Ga0004748_11	770635	772152	0	color=(31,119,180)
Ga0004748_11	1631146	1632570	0	color=(31,119,180)
Ga0004748_11	1632695	1633675	0	color=(31,119,180)
Ga0004748_11	1638435	1639526	0	color=(31,119,180)
Ga0004748_11	1659105	1660187	0	color=(31,119,180)
Ga0004748_11	153572	154444	0	color=(31,119,180)
Ga0004748_15	2061580	2061963	0	color=(31,119,180)
Ga0004748_15	813947	815110	0	color=(31,119,180)
Ga0004748_15	2518734	2520551	0	color=(31,119,180)
Ga0004748_15	1103211	1103984	0	color=(31,119,180)
Ga0004748_15	816560	817954	0	color=(31,119,180)
Ga0004748_11	1693938	1695257	0	color=(31,119,180)
Ga0004748_11	1139347	1140642	0	color=(31,119,180)
Ga0004748_11	707934	709220	0	color=(31,119,180)
Ga0004748_11	711574	712506	0	color=(31,119,180)
Ga0004748_11	181126	182130	0	color=(31,119,180)
Ga0004748_11	182150	183127	0	color=(31,119,180)
Ga0004748_11	421339	422148	0	color=(31,119,180)
Ga0004748_16	14537	15661	0	color=(31,119,180)
Ga0004748_16	21305	22720	0	color=(31,119,180)
Ga0004748_11	1740923	1743604	0	color=(31,119,180)
Ga0004748_12	183366	184913	0	color=(31,119,180)
Ga0004748_11	1010805	1012568	0	color=(31,119,180)
Ga0004748_13	268689	269930	0	color=(31,119,180)
Ga0004748_15	1676961	1678199	0	color=(31,119,180)
Ga0004748_15	1687107	1688204	0	color=(31,119,180)
Ga0004748_15	1697836	1699041	0	color=(31,119,180)
Ga0004748_12	202157	203608	0	color=(31,119,180)
Ga0004748_11	742790	743590	0	color=(31,119,180)
Ga0004748_11	1791711	1792736	0	color=(31,119,180)
Ga0004748_12	204142	205371	0	color=(31,119,180)
Ga0004748_15	903438	904484	0	color=(31,119,180)
Ga0004748_15	2124710	2126140	0	color=(31,119,180)
Ga0004748_15	445522	446847	0	color=(31,119,180)
Ga0004748_15	1720974	1722149	0	color=(31,119,180)
Ga0004748_11	487566	488180	0	color=(31,119,180)
Ga0004748_11	1855091	1855942	0	color=(31,119,180)
Ga0004748_13	369266	370762	0	color=(31,119,180)
Ga0004748_15	958519	959679	0	color=(31,119,180)
Ga0004748_15	455071	456768	0	color=(31,119,180)
Ga0004748_15	79807	80906	0	color=(31,119,180)
Ga0004748_12	252561	253793	0	color=(31,119,180)
Ga0004748_15	1744949	1746064	0	color=(31,119,180)
Ga0004748_15	1454031	1456634	0	color=(31,119,180)
Ga0004748_15	466279	467649	0	color=(31,119,180)
Ga0004748_11	947810	949522	0	color=(31,119,180)
Ga0004748_15	1351784	1352947	0	color=(31,119,180)
Ga0004748_11	1119303	1120433	0	color=(31,119,180)
Ga0004748_15	659826	661310	0	color=(31,119,180)
Ga0004748_11	956103	957086	0	color=(31,119,180)
Ga0004748_15	541454	543241	0	color=(31,119,180)
Ga0004748_15	1760957	1762030	0	color=(31,119,180)
Ga0004748_15	1002094	1003164	0	color=(31,119,180)
Ga0004748_14	45427	46299	0	color=(31,119,180)
Ga0004748_15	1008596	1009525	0	color=(31,119,180)
Ga0004748_15	1773535	1774806	0	color=(31,119,180)
Ga0004748_15	1013501	1014598	0	color=(31,119,180)
Ga0004748_11	2053592	2055076	0	color=(31,119,180)
Ga0004748_15	1128926	1131214	0	color=(31,119,180)
Ga0004748_11	990517	991779	0	color=(31,119,180)
Ga0004748_11	1930632	1931951	0	color=(31,119,180)
Ga0004748_11	2056013	2056954	0	color=(31,119,180)
Ga0004748_15	1518093	1518944	0	color=(31,119,180)
Ga0004748_11	489374	490150	0	color=(31,119,180)
Ga0004748_11	449532	451358	0	color=(31,119,180)
Ga0004748_15	545387	546364	0	color=(31,119,180)
Ga0004748_12	331254	332675	0	color=(31,119,180)
Ga0004748_15	547582	548739	0	color=(31,119,180)
Ga0004748_15	1795537	1796637	0	color=(31,119,180)
Ga0004748_12	336175	337104	0	color=(31,119,180)
Ga0004748_11	1956909	1958363	0	color=(31,119,180)
Ga0004748_15	1423017	1423850	0	color=(31,119,180)
Ga0004748_11	1970362	1972065	0	color=(31,119,180)
Ga0004748_11	483782	485200	0	color=(31,119,180)
Ga0004748_11	486808	487569	0	color=(31,119,180)
Ga0004748_13	315191	317824	0	color=(31,119,180)
Ga0004748_15	1424976	1425488	0	color=(31,119,180)
Ga0004748_15	1324195	1325670	0	color=(31,119,180)
Ga0004748_11	1993043	1993882	0	color=(31,119,180)
Ga0004748_15	1444286	1446040	0	color=(31,119,180)
Ga0004748_15	1348255	1350087	0	color=(31,119,180)
Ga0004748_15	82018	83190	0	color=(31,119,180)
Ga0004748_12	364504	368940	0	color=(31,119,180)
Ga0004748_11	660946	662301	0	color=(31,119,180)
Ga0004748_11	522976	524343	0	color=(31,119,180)
Ga0004748_15	2404080	2405831	0	color=(31,119,180)
Ga0004748_16	119521	120870	0	color=(31,119,180)
Ga0004748_11	2055094	2055990	0	color=(31,119,180)
Ga0004748_11	728976	730148	0	color=(31,119,180)
Ga0004748_14	73713	74378	0	color=(31,119,180)
Ga0004748_15	1276043	1277143	0	color=(31,119,180)
Ga0004748_15	1245339	1246376	0	color=(31,119,180)
Ga0004748_15	1249628	1250506	0	color=(31,119,180)
Ga0004748_15	1653402	1653794	0	color=(31,119,180)
Ga0004748_15	1109516	1110238	0	color=(31,119,180)
Ga0004748_13	33654	34631	0	color=(31,119,180)
Ga0004748_11	987758	988765	0	color=(31,119,180)
Ga0004748_15	2078243	2079160	0	color=(31,119,180)
Ga0004748_11	1320018	1321529	0	color=(31,119,180)
Ga0004748_15	512459	513850	0	color=(31,119,180)
Ga0004748_11	1084674	1086032	0	color=(31,119,180)
Ga0004748_13	112265	113368	0	color=(31,119,180)
Ga0004748_15	2259275	2259646	0	color=(31,119,180)
Ga0004748_15	1186087	1186890	0	color=(31,119,180)
Ga0004748_15	2453304	2454125	0	color=(31,119,180)
Ga0004748_15	875714	876637	0	color=(31,119,180)
Ga0004748_13	270835	271992	0	color=(31,119,180)
Ga0004748_11	1034243	1035472	0	color=(31,119,180)
Ga0004748_15	751365	752939	0	color=(31,119,180)
Ga0004748_15	1176688	1177494	0	color=(31,119,180)
Ga0004748_15	901292	902170	0	color=(31,119,180)
Ga0004748_13	106706	108163	0	color=(31,119,180)
Ga0004748_11	1054937	1056220	0	color=(31,119,180)
Ga0004748_15	114839	116086	0	color=(31,119,180)
Ga0004748_11	1217194	1218540	0	color=(31,119,180)
Ga0004748_15	755421	756392	0	color=(31,119,180)
Ga0004748_15	759337	760854	0	color=(31,119,180)
Ga0004748_15	2019009	2019875	0	color=(31,119,180)
Ga0004748_13	191219	192349	0	color=(31,119,180)
Ga0004748_15	2034635	2035450	0	color=(31,119,180)
Ga0004748_15	585465	586568	0	color=(31,119,180)
Ga0004748_14	3386	4807	0	color=(31,119,180)
Ga0004748_12	71327	72199	0	color=(31,119,180)
Ga0004748_11	784552	785790	0	color=(31,119,180)
Ga0004748_15	797855	799126	0	color=(31,119,180)
Ga0004748_15	2507459	2508529	0	color=(31,119,180)
Ga0004748_15	2462213	2463511	0	color=(31,119,180)
Ga0004748_15	2113804	2115237	0	color=(31,119,180)
Ga0004748_15	83473	84549	0	color=(31,119,180)
Ga0004748_15	679781	680878	0	color=(31,119,180)
Ga0004748_15	559654	561273	0	color=(31,119,180)
Ga0004748_13	108431	109756	0	color=(31,119,180)
Ga0004748_14	43443	44840	0	color=(31,119,180)
Ga0004748_11	1692756	1693646	0	color=(31,119,180)
Ga0004748_15	1250525	1251184	0	color=(31,119,180)
Ga0004748_13	210752	212404	0	color=(31,119,180)
Ga0004748_11	715206	716255	0	color=(31,119,180)
Ga0004748_14	63109	64173	0	color=(31,119,180)
Ga0004748_11	988812	990485	0	color=(31,119,180)
Ga0004748_15	1092349	1093960	0	color=(31,119,180)
Ga0004748_15	1620454	1621779	0	color=(31,119,180)
Ga0004748_11	1348923	1350362	0	color=(31,119,180)
Ga0004748_15	757655	759313	0	color=(31,119,180)
Ga0004748_15	2122935	2124377	0	color=(31,119,180)
Ga0004748_15	2368259	2369500	0	color=(31,119,180)
Ga0004748_15	2461324	2462229	0	color=(31,119,180)
Ga0004748_16	37056	38357	0	color=(31,119,180)
Ga0004748_15	2459887	2461182	0	color=(31,119,180)
Ga0004748_15	1294681	1295541	0	color=(31,119,180)
Ga0004748_16	95563	96669	0	color=(31,119,180)
Ga0004748_16	38611	39996	0	color=(31,119,180)
Ga0004748_15	1307600	1308040	0	color=(31,119,180)
Ga0004748_15	1306534	1307595	0	color=(31,119,180)
Ga0004748_16	86571	88001	0	color=(31,119,180)
Ga0004748_15	1350675	1351787	0	color=(31,119,180)
Ga0004748_15	795909	797243	0	color=(31,119,180)
Ga0004748_13	154902	156131	0	color=(31,119,180)
Ga0004748_15	2393216	2394067	0	color=(31,119,180)
Ga0004748_15	2429179	2430051	0	color=(31,119,180)
Ga0004748_11	1229803	1230579	0	color=(31,119,180)
Ga0004748_15	2285266	2286138	0	color=(31,119,180)
Ga0004748_15	1244105	1245328	0	color=(31,119,180)
Ga0004748_11	884396	885121	0	color=(31,119,180)
Ga0004748_11	1393760	1395109	0	color=(31,119,180)
Ga0004748_15	1642938	1644023	0	color=(31,119,180)
Ga0004748_15	2074518	2076899	0	color=(31,119,180)
Ga0004748_15	1741662	1742617	0	color=(31,119,180)
Ga0004748_11	1350441	1351643	0	color=(31,119,180)
Ga0004748_12	170698	171969	0	color=(31,119,180)
Ga0004748_15	12342	13925	0	color=(31,119,180)
Ga0004748_16	91299	92762	0	color=(31,119,180)
Ga0004748_15	2107378	2109048	0	color=(31,119,180)
Ga0004748_15	1344857	1348255	0	color=(31,119,180)
Ga0004748_15	543289	544335	0	color=(31,119,180)
Ga0004748_11	1379165	1380040	0	color=(31,119,180)
Ga0004748_16	32036	33427	0	color=(31,119,180)
Ga0004748_15	1325667	1327010	0	color=(31,119,180)
Ga0004748_11	978044	978748	0	color=(174,199,232)
Ga0004748_15	1356671	1357654	0	color=(174,199,232)
Ga0004748_11	63246	63566	0	color=(174,199,232)
Ga0004748_15	66135	66962	0	color=(174,199,232)
Ga0004748_15	1186087	1186890	0	color=(174,199,232)
Ga0004748_15	451061	452545	0	color=(174,199,232)
Ga0004748_15	1928126	1929451	0	color=(174,199,232)
Ga0004748_11	1896613	1897908	0	color=(174,199,232)
Ga0004748_11	12588	13400	0	color=(174,199,232)
Ga0004748_15	1642938	1644023	0	color=(174,199,232)
Ga0004748_12	270980	271789	0	color=(174,199,232)
Ga0004748_13	187965	188216	0	color=(174,199,232)
Ga0004748_13	189251	190246	0	color=(174,199,232)
Ga0004748_15	726899	727540	0	color=(174,199,232)
Ga0004748_15	2371616	2372113	0	color=(174,199,232)
Ga0004748_15	447243	447911	0	color=(174,199,232)
Ga0004748_15	1993660	1995384	0	color=(174,199,232)
Ga0004748_11	817361	818233	0	color=(174,199,232)
Ga0004748_15	1964777	1965721	0	color=(174,199,232)
Ga0004748_15	1141311	1143071	0	color=(174,199,232)
Ga0004748_11	2026185	2027378	0	color=(174,199,232)
Ga0004748_15	1975847	1977199	0	color=(174,199,232)
Ga0004748_15	2179286	2180290	0	color=(174,199,232)
Ga0004748_15	2177962	2179146	0	color=(174,199,232)
Ga0004748_15	1161738	1162982	0	color=(174,199,232)
Ga0004748_15	538800	540341	0	color=(174,199,232)
Ga0004748_15	1173271	1175334	0	color=(174,199,232)
Ga0004748_15	1664277	1665215	0	color=(174,199,232)
Ga0004748_15	813035	813787	0	color=(174,199,232)
Ga0004748_15	1178229	1179017	0	color=(174,199,232)
Ga0004748_15	216166	218772	0	color=(174,199,232)
Ga0004748_15	1671386	1673143	0	color=(174,199,232)
Ga0004748_15	851484	852893	0	color=(174,199,232)
Ga0004748_11	421339	422148	0	color=(174,199,232)
Ga0004748_15	2177174	2177929	0	color=(174,199,232)
Ga0004748_15	1103211	1103984	0	color=(174,199,232)
Ga0004748_15	1358879	1361233	0	color=(174,199,232)
Ga0004748_16	63898	64293	0	color=(174,199,232)
Ga0004748_16	59834	60481	0	color=(174,199,232)
Ga0004748_12	260771	262435	0	color=(174,199,232)
Ga0004748_15	844318	845304	0	color=(174,199,232)
Ga0004748_12	297582	298460	0	color=(174,199,232)
Ga0004748_15	981698	982342	0	color=(174,199,232)
Ga0004748_13	185053	186039	0	color=(174,199,232)
Ga0004748_11	1669432	1670253	0	color=(174,199,232)
Ga0004748_15	2470033	2470857	0	color=(174,199,232)
Ga0004748_15	448021	448914	0	color=(174,199,232)
Ga0004748_15	2370393	2370836	0	color=(174,199,232)
Ga0004748_11	247322	249073	0	color=(174,199,232)
Ga0004748_15	1172872	1173135	0	color=(174,199,232)
Ga0004748_11	413899	415194	0	color=(174,199,232)
Ga0004748_15	1951083	1953491	0	color=(174,199,232)
Ga0004748_11	837083	838297	0	color=(174,199,232)
Ga0004748_15	412764	413792	0	color=(174,199,232)
Ga0004748_12	337428	338930	0	color=(174,199,232)
Ga0004748_11	297592	298413	0	color=(174,199,232)
Ga0004748_11	988812	990485	0	color=(174,199,232)
Ga0004748_15	1780038	1780895	0	color=(174,199,232)
Ga0004748_13	187243	187947	0	color=(174,199,232)
Ga0004748_13	184217	185017	0	color=(174,199,232)
Ga0004748_13	118926	119690	0	color=(174,199,232)
Ga0004748_12	11875	13221	0	color=(174,199,232)
Ga0004748_15	449027	451021	0	color=(174,199,232)
Ga0004748_11	1907884	1909092	0	color=(174,199,232)
Ga0004748_15	262638	263480	0	color=(174,199,232)
Ga0004748_13	82760	83608	0	color=(174,199,232)
Ga0004748_15	609281	610549	0	color=(174,199,232)
Ga0004748_15	1953510	1955006	0	color=(174,199,232)
Ga0004748_12	7082	8227	0	color=(174,199,232)
Ga0004748_15	2255576	2255899	0	color=(174,199,232)
Ga0004748_11	2023040	2023702	0	color=(174,199,232)
Ga0004748_15	1143111	1144805	0	color=(174,199,232)
Ga0004748_15	924514	925413	0	color=(174,199,232)
Ga0004748_16	99483	100910	0	color=(174,199,232)
Ga0004748_15	2259806	2260123	0	color=(174,199,232)
Ga0004748_15	1578517	1579182	0	color=(174,199,232)
Ga0004748_15	2194825	2195073	0	color=(174,199,232)
Ga0004748_15	1654176	1655204	0	color=(174,199,232)
Ga0004748_11	1150328	1151149	0	color=(174,199,232)
Ga0004748_11	566127	566909	0	color=(174,199,232)
Ga0004748_15	2247967	2248704	0	color=(174,199,232)
Ga0004748_11	1237372	1238580	0	color=(174,199,232)
Ga0004748_11	153572	154444	0	color=(174,199,232)
Ga0004748_15	2254247	2255572	0	color=(174,199,232)
Ga0004748_15	2174322	2175617	0	color=(174,199,232)
Ga0004748_16	97808	99469	0	color=(174,199,232)
Ga0004748_15	1424976	1425488	0	color=(174,199,232)
Ga0004748_13	302233	303177	0	color=(174,199,232)
Ga0004748_12	205488	206570	0	color=(174,199,232)
Ga0004748_15	2453304	2454125	0	color=(174,199,232)
Ga0004748_11	1348923	1350362	0	color=(174,199,232)
Ga0004748_15	396792	397850	0	color=(174,199,232)
Ga0004748_11	1774599	1775552	0	color=(174,199,232)
Ga0004748_11	1861378	1862565	0	color=(174,199,232)
Ga0004748_15	1765783	1768017	0	color=(174,199,232)
Ga0004748_11	1967318	1969876	0	color=(174,199,232)
Ga0004748_12	262641	264278	0	color=(174,199,232)
Ga0004748_15	1957185	1959122	0	color=(174,199,232)
Ga0004748_13	183284	184195	0	color=(174,199,232)
Ga0004748_15	2038945	2039916	0	color=(174,199,232)
Ga0004748_11	1096273	1097217	0	color=(174,199,232)
Ga0004748_15	445522	446847	0	color=(174,199,232)
Ga0004748_11	90375	91739	0	color=(174,199,232)
Ga0004748_15	2385406	2386263	0	color=(174,199,232)
Ga0004748_11	470102	470956	0	color=(174,199,232)
Ga0004748_11	2003583	2004368	0	color=(174,199,232)
Ga0004748_15	334254	335513	0	color=(174,199,232)
Ga0004748_15	2382702	2383667	0	color=(174,199,232)
Ga0004748_11	1393760	1395109	0	color=(174,199,232)
Ga0004748_15	1176688	1177494	0	color=(174,199,232)
Ga0004748_12	71327	72199	0	color=(174,199,232)
Ga0004748_12	1	728	0	color=(174,199,232)
Ga0004748_11	245559	246557	0	color=(174,199,232)
Ga0004748_15	1760957	1762030	0	color=(174,199,232)
Ga0004748_12	289648	290886	0	color=(174,199,232)
Ga0004748_14	118742	119506	0	color=(174,199,232)
Ga0004748_12	285303	287327	0	color=(174,199,232)
Ga0004748_11	1229803	1230579	0	color=(174,199,232)
Ga0004748_15	2175648	2177177	0	color=(174,199,232)
Ga0004748_11	1395128	1396024	0	color=(174,199,232)
Ga0004748_15	784326	786326	0	color=(174,199,232)
Ga0004748_11	1939279	1940496	0	color=(174,199,232)
Ga0004748_15	1673197	1674156	0	color=(174,199,232)
Ga0004748_11	1935029	1936459	0	color=(174,199,232)
Ga0004748_15	35497	36699	0	color=(174,199,232)
Ga0004748_12	324975	325757	0	color=(174,199,232)
Ga0004748_13	30831	31775	0	color=(174,199,232)
Ga0004748_15	2034635	2035450	0	color=(174,199,232)
Ga0004748_12	46282	47133	0	color=(174,199,232)
Ga0004748_11	1135770	1136597	0	color=(174,199,232)
Ga0004748_15	452911	453447	0	color=(174,199,232)
Ga0004748_11	176493	177542	0	color=(174,199,232)
Ga0004748_15	483436	486795	0	color=(174,199,232)
Ga0004748_11	1855091	1855942	0	color=(174,199,232)
Ga0004748_15	2066895	2067845	0	color=(174,199,232)
Ga0004748_15	2144612	2145046	0	color=(255,127,14)
Ga0004748_15	1037346	1038437	0	color=(255,127,14)
Ga0004748_11	1876704	1877063	0	color=(255,127,14)
Ga0004748_13	12721	13887	0	color=(255,127,14)
Ga0004748_13	134134	135318	0	color=(255,127,14)
Ga0004748_15	1715803	1717515	0	color=(255,127,14)
Ga0004748_15	2340304	2341323	0	color=(255,127,14)
Ga0004748_15	895048	897429	0	color=(255,127,14)
Ga0004748_13	77519	78184	0	color=(255,127,14)
Ga0004748_15	1082223	1083401	0	color=(255,127,14)
Ga0004748_14	36321	37751	0	color=(255,127,14)
Ga0004748_15	1532707	1533393	0	color=(255,127,14)
Ga0004748_11	1327408	1331418	0	color=(255,127,14)
Ga0004748_11	1700192	1701313	0	color=(255,127,14)
Ga0004748_17	52705	53871	0	color=(255,127,14)
Ga0004748_11	303330	304595	0	color=(255,127,14)
Ga0004748_15	1752040	1756269	0	color=(255,127,14)
Ga0004748_11	1290440	1291147	0	color=(255,127,14)
Ga0004748_11	2073010	2073366	0	color=(255,127,14)
Ga0004748_15	2334381	2335382	0	color=(255,127,14)
Ga0004748_11	459216	460376	0	color=(255,127,14)
Ga0004748_15	1046709	1047071	0	color=(255,127,14)
Ga0004748_15	967576	971145	0	color=(255,127,14)
Ga0004748_14	32109	32468	0	color=(255,127,14)
Ga0004748_15	1268544	1269722	0	color=(255,127,14)
Ga0004748_15	1536783	1537358	0	color=(255,127,14)
Ga0004748_11	579479	580141	0	color=(255,127,14)
Ga0004748_15	1713209	1714423	0	color=(255,127,14)
Ga0004748_15	2145043	2145399	0	color=(255,127,14)
Ga0004748_15	1534882	1535901	0	color=(255,127,14)
Ga0004748_11	869945	871039	0	color=(255,187,120)
Ga0004748_15	2141696	2143198	0	color=(255,187,120)
Ga0004748_11	856198	856611	0	color=(255,187,120)
Ga0004748_11	872384	873370	0	color=(255,187,120)
Ga0004748_16	164180	166162	0	color=(255,187,120)
Ga0004748_11	1178396	1180378	0	color=(255,187,120)
Ga0004748_11	863765	864988	0	color=(255,187,120)
Ga0004748_15	2103291	2104985	0	color=(255,187,120)
Ga0004748_11	880459	881232	0	color=(255,187,120)
Ga0004748_11	267112	267969	0	color=(255,187,120)
Ga0004748_11	858538	859542	0	color=(255,187,120)
Ga0004748_11	855769	856176	0	color=(255,187,120)
Ga0004748_11	842726	844744	0	color=(255,187,120)
Ga0004748_11	381219	382946	0	color=(255,187,120)
Ga0004748_11	856628	856927	0	color=(255,187,120)
Ga0004748_11	863170	863748	0	color=(255,187,120)
Ga0004748_12	274394	276136	0	color=(255,187,120)
Ga0004748_15	2481563	2482864	0	color=(255,187,120)
Ga0004748_11	862057	863166	0	color=(255,187,120)
Ga0004748_11	868893	869693	0	color=(255,187,120)
Ga0004748_16	44294	45235	0	color=(255,187,120)
Ga0004748_11	546261	546983	0	color=(255,187,120)
Ga0004748_12	250404	251696	0	color=(255,187,120)
Ga0004748_11	859529	860218	0	color=(255,187,120)
Ga0004748_11	852484	853347	0	color=(255,187,120)
Ga0004748_15	2080146	2082146	0	color=(255,187,120)
Ga0004748_16	183105	185081	0	color=(255,187,120)
Ga0004748_11	851144	852442	0	color=(255,187,120)
Ga0004748_13	256159	257901	0	color=(255,187,120)
Ga0004748_11	854769	855137	0	color=(255,187,120)
Ga0004748_11	856950	858524	0	color=(255,187,120)
Ga0004748_15	2105199	2106890	0	color=(255,187,120)
Ga0004748_11	848731	849528	0	color=(255,187,120)
Ga0004748_11	853367	854746	0	color=(255,187,120)
Ga0004748_15	596899	598881	0	color=(255,187,120)
Ga0004748_11	1437725	1438723	0	color=(44,160,44)
Ga0004748_15	1934598	1935458	0	color=(44,160,44)
Ga0004748_15	1533989	1534840	0	color=(44,160,44)
Ga0004748_15	778614	779660	0	color=(44,160,44)
Ga0004748_11	232824	233486	0	color=(44,160,44)
Ga0004748_15	1953510	1955006	0	color=(44,160,44)
Ga0004748_15	369082	370341	0	color=(44,160,44)
Ga0004748_11	1992006	1992923	0	color=(44,160,44)
Ga0004748_15	2329929	2330588	0	color=(44,160,44)
Ga0004748_15	2410965	2420645	0	color=(44,160,44)
Ga0004748_11	1888518	1889543	0	color=(44,160,44)
Ga0004748_15	2326167	2327543	0	color=(44,160,44)
Ga0004748_11	1711370	1713502	0	color=(44,160,44)
Ga0004748_12	88044	89213	0	color=(44,160,44)
Ga0004748_15	168570	169511	0	color=(44,160,44)
Ga0004748_12	170698	171969	0	color=(44,160,44)
Ga0004748_11	1123660	1124613	0	color=(44,160,44)
Ga0004748_11	1912116	1913132	0	color=(44,160,44)
Ga0004748_15	2221756	2223243	0	color=(44,160,44)
Ga0004748_15	1392321	1392674	0	color=(44,160,44)
Ga0004748_15	361850	362569	0	color=(44,160,44)
Ga0004748_11	12588	13400	0	color=(44,160,44)
Ga0004748_15	194126	196279	0	color=(44,160,44)
Ga0004748_12	216839	217948	0	color=(44,160,44)
Ga0004748_14	115165	115878	0	color=(44,160,44)
Ga0004748_11	1747460	1748308	0	color=(44,160,44)
Ga0004748_15	1749297	1750607	0	color=(44,160,44)
Ga0004748_11	1777885	1778313	0	color=(44,160,44)
Ga0004748_15	2505530	2507098	0	color=(44,160,44)
Ga0004748_11	1595235	1596548	0	color=(44,160,44)
Ga0004748_11	672617	674659	0	color=(44,160,44)
Ga0004748_12	81474	82850	0	color=(44,160,44)
Ga0004748_11	1884385	1886523	0	color=(44,160,44)
Ga0004748_12	350298	351464	0	color=(44,160,44)
Ga0004748_11	1990060	1990839	0	color=(44,160,44)
Ga0004748_15	1720974	1722149	0	color=(44,160,44)
Ga0004748_15	1035029	1035934	0	color=(44,160,44)
Ga0004748_11	598292	599467	0	color=(44,160,44)
Ga0004748_15	1937538	1938644	0	color=(44,160,44)
Ga0004748_15	153069	154235	0	color=(44,160,44)
Ga0004748_15	1195516	1196706	0	color=(44,160,44)
Ga0004748_13	221170	222018	0	color=(44,160,44)
Ga0004748_15	844318	845304	0	color=(44,160,44)
Ga0004748_15	2449068	2449490	0	color=(44,160,44)
Ga0004748_11	1733933	1734949	0	color=(44,160,44)
Ga0004748_15	2447621	2448892	0	color=(44,160,44)
Ga0004748_15	1756425	1757357	0	color=(44,160,44)
Ga0004748_11	791996	792634	0	color=(44,160,44)
Ga0004748_11	794131	795345	0	color=(44,160,44)
Ga0004748_11	1376850	1377836	0	color=(44,160,44)
Ga0004748_11	1445760	1448258	0	color=(44,160,44)
Ga0004748_11	2066937	2068118	0	color=(44,160,44)
Ga0004748_11	1200494	1201570	0	color=(44,160,44)
Ga0004748_11	1705492	1707459	0	color=(44,160,44)
Ga0004748_11	470102	470956	0	color=(44,160,44)
Ga0004748_15	504810	505847	0	color=(44,160,44)
Ga0004748_15	1020027	1020485	0	color=(44,160,44)
Ga0004748_11	1709226	1710986	0	color=(44,160,44)
Ga0004748_15	289000	290166	0	color=(44,160,44)
Ga0004748_11	2055094	2055990	0	color=(44,160,44)
Ga0004748_15	2203612	2204424	0	color=(44,160,44)
Ga0004748_15	1034160	1034930	0	color=(44,160,44)
Ga0004748_11	790627	791370	0	color=(44,160,44)
Ga0004748_12	342748	343992	0	color=(44,160,44)
Ga0004748_13	351921	353048	0	color=(44,160,44)
Ga0004748_13	138848	140608	0	color=(44,160,44)
Ga0004748_15	1612441	1613205	0	color=(44,160,44)
Ga0004748_15	1350675	1351787	0	color=(44,160,44)
Ga0004748_15	621270	622013	0	color=(44,160,44)
Ga0004748_15	2171913	2172605	0	color=(44,160,44)
Ga0004748_15	1456896	1458029	0	color=(44,160,44)
Ga0004748_15	847630	848301	0	color=(44,160,44)
Ga0004748_11	1119303	1120433	0	color=(44,160,44)
Ga0004748_17	74609	75147	0	color=(44,160,44)
Ga0004748_15	773679	774356	0	color=(44,160,44)
Ga0004748_15	1584941	1585720	0	color=(44,160,44)
Ga0004748_15	856389	857186	0	color=(44,160,44)
Ga0004748_16	206393	207169	0	color=(44,160,44)
Ga0004748_15	1366460	1368586	0	color=(44,160,44)
Ga0004748_15	2074518	2076899	0	color=(44,160,44)
Ga0004748_13	20097	22622	0	color=(44,160,44)
Ga0004748_11	177847	179439	0	color=(44,160,44)
Ga0004748_15	2545731	2546450	0	color=(44,160,44)
Ga0004748_15	901292	902170	0	color=(44,160,44)
Ga0004748_15	2322125	2323447	0	color=(44,160,44)
Ga0004748_14	70461	71141	0	color=(44,160,44)
Ga0004748_15	2292651	2294165	0	color=(44,160,44)
Ga0004748_15	1351784	1352947	0	color=(44,160,44)
Ga0004748_11	758291	760984	0	color=(44,160,44)
Ga0004748_15	2139803	2140720	0	color=(44,160,44)
Ga0004748_15	2470033	2470857	0	color=(44,160,44)
Ga0004748_13	268689	269930	0	color=(44,160,44)
Ga0004748_11	2070097	2071098	0	color=(44,160,44)
Ga0004748_13	82760	83608	0	color=(44,160,44)
Ga0004748_11	2071139	2072191	0	color=(44,160,44)
Ga0004748_15	23537	24247	0	color=(44,160,44)
Ga0004748_15	286822	288906	0	color=(44,160,44)
Ga0004748_11	928318	928998	0	color=(44,160,44)
Ga0004748_14	19307	19600	0	color=(44,160,44)
Ga0004748_15	2077378	2078220	0	color=(44,160,44)
Ga0004748_15	2462213	2463511	0	color=(44,160,44)
Ga0004748_13	272001	273329	0	color=(44,160,44)
Ga0004748_12	339156	340430	0	color=(44,160,44)
Ga0004748_16	190850	192400	0	color=(44,160,44)
Ga0004748_11	1222082	1222822	0	color=(44,160,44)
Ga0004748_11	321135	328535	0	color=(44,160,44)
Ga0004748_15	2393216	2394067	0	color=(44,160,44)
Ga0004748_11	514786	516072	0	color=(44,160,44)
Ga0004748_11	336191	338308	0	color=(44,160,44)
Ga0004748_15	11577	12329	0	color=(44,160,44)
Ga0004748_13	84607	85173	0	color=(44,160,44)
Ga0004748_15	1380674	1381624	0	color=(44,160,44)
Ga0004748_11	277025	278011	0	color=(44,160,44)
Ga0004748_15	2286348	2288084	0	color=(44,160,44)
Ga0004748_11	1794279	1795193	0	color=(44,160,44)
Ga0004748_11	1363925	1365910	0	color=(44,160,44)
Ga0004748_15	225794	227092	0	color=(44,160,44)
Ga0004748_15	2238522	2239949	0	color=(44,160,44)
Ga0004748_15	2068091	2068339	0	color=(44,160,44)
Ga0004748_11	687919	689043	0	color=(44,160,44)
Ga0004748_15	2541199	2542080	0	color=(44,160,44)
Ga0004748_15	2433817	2435868	0	color=(44,160,44)
Ga0004748_11	1383377	1384270	0	color=(44,160,44)
Ga0004748_15	2500075	2500767	0	color=(44,160,44)
Ga0004748_15	1904812	1905432	0	color=(44,160,44)
Ga0004748_12	80325	81410	0	color=(44,160,44)
Ga0004748_15	1047087	1048019	0	color=(44,160,44)
Ga0004748_15	2244732	2246099	0	color=(44,160,44)
Ga0004748_16	41246	41878	0	color=(44,160,44)
Ga0004748_11	468557	469102	0	color=(44,160,44)
Ga0004748_15	2246707	2247780	0	color=(44,160,44)
Ga0004748_15	1040878	1042353	0	color=(44,160,44)
Ga0004748_15	1166584	1167720	0	color=(44,160,44)
Ga0004748_15	1039881	1040855	0	color=(44,160,44)
Ga0004748_13	270835	271992	0	color=(44,160,44)
Ga0004748_15	1042539	1044455	0	color=(44,160,44)
Ga0004748_15	1738373	1738771	0	color=(44,160,44)
Ga0004748_11	1233243	1234469	0	color=(44,160,44)
Ga0004748_11	1209935	1210393	0	color=(44,160,44)
Ga0004748_15	2476892	2477632	0	color=(44,160,44)
Ga0004748_11	1126365	1127645	0	color=(44,160,44)
Ga0004748_11	1360649	1362106	0	color=(44,160,44)
Ga0004748_15	1410164	1411987	0	color=(44,160,44)
Ga0004748_11	1937339	1938508	0	color=(44,160,44)
Ga0004748_11	1858386	1860512	0	color=(44,160,44)
Ga0004748_15	2243542	2244657	0	color=(44,160,44)
Ga0004748_15	1044537	1046636	0	color=(44,160,44)
Ga0004748_15	549069	550196	0	color=(44,160,44)
Ga0004748_15	1533429	1533974	0	color=(44,160,44)
Ga0004748_15	619287	620519	0	color=(44,160,44)
Ga0004748_15	1731562	1732755	0	color=(152,223,138)
Ga0004748_16	81969	82490	0	color=(214,39,40)
Ga0004748_11	1276907	1277920	0	color=(214,39,40)
Ga0004748_15	2273870	2275630	0	color=(214,39,40)
Ga0004748_11	12588	13400	0	color=(214,39,40)
Ga0004748_15	1782178	1782699	0	color=(214,39,40)
Ga0004748_11	1379165	1380040	0	color=(214,39,40)
Ga0004748_15	373581	374927	0	color=(214,39,40)
Ga0004748_14	43443	44840	0	color=(214,39,40)
Ga0004748_16	136746	138209	0	color=(214,39,40)
Ga0004748_15	1511849	1512955	0	color=(214,39,40)
Ga0004748_12	270980	271789	0	color=(214,39,40)
Ga0004748_15	1773535	1774806	0	color=(214,39,40)
Ga0004748_15	668425	668889	0	color=(214,39,40)
Ga0004748_15	1225730	1226923	0	color=(214,39,40)
Ga0004748_11	987758	988765	0	color=(214,39,40)
Ga0004748_15	1750860	1751978	0	color=(214,39,40)
Ga0004748_11	1278994	1280283	0	color=(214,39,40)
Ga0004748_15	1058193	1058759	0	color=(214,39,40)
Ga0004748_11	1930632	1931951	0	color=(214,39,40)
Ga0004748_13	77519	78184	0	color=(214,39,40)
Ga0004748_15	1781717	1782181	0	color=(214,39,40)
Ga0004748_15	992489	993694	0	color=(214,39,40)
Ga0004748_15	1223979	1225091	0	color=(214,39,40)
Ga0004748_15	668870	670177	0	color=(214,39,40)
Ga0004748_15	2444566	2445411	0	color=(214,39,40)
Ga0004748_11	1023068	1024012	0	color=(214,39,40)
Ga0004748_11	1280328	1280798	0	color=(214,39,40)
Ga0004748_11	1010805	1012568	0	color=(214,39,40)
Ga0004748_11	1169342	1170160	0	color=(214,39,40)
Ga0004748_11	726426	727139	0	color=(214,39,40)
Ga0004748_11	10790	11560	0	color=(214,39,40)
Ga0004748_15	1781481	1781714	0	color=(214,39,40)
Ga0004748_15	2470033	2470857	0	color=(214,39,40)
Ga0004748_15	55675	56364	0	color=(214,39,40)
Ga0004748_15	928235	929206	0	color=(214,39,40)
Ga0004748_12	45564	46214	0	color=(214,39,40)
Ga0004748_14	47135	47497	0	color=(214,39,40)
Ga0004748_11	179590	180543	0	color=(214,39,40)
Ga0004748_14	47494	48009	0	color=(214,39,40)
Ga0004748_11	580141	580632	0	color=(214,39,40)
Ga0004748_15	672206	673222	0	color=(214,39,40)
Ga0004748_15	1456896	1458029	0	color=(214,39,40)
Ga0004748_15	1092349	1093960	0	color=(214,39,40)
Ga0004748_12	271804	272463	0	color=(214,39,40)
Ga0004748_11	750795	751178	0	color=(214,39,40)
Ga0004748_15	1351784	1352947	0	color=(214,39,40)
Ga0004748_11	483782	485200	0	color=(214,39,40)
Ga0004748_12	342748	343992	0	color=(214,39,40)
Ga0004748_15	1763593	1764246	0	color=(214,39,40)
Ga0004748_13	78184	78675	0	color=(214,39,40)
Ga0004748_15	1547691	1548464	0	color=(214,39,40)
Ga0004748_11	984879	985778	0	color=(214,39,40)
Ga0004748_11	359355	360344	0	color=(214,39,40)
Ga0004748_15	980948	981628	0	color=(214,39,40)
Ga0004748_15	1512986	1513819	0	color=(214,39,40)
Ga0004748_14	70461	71141	0	color=(214,39,40)
Ga0004748_15	1720974	1722149	0	color=(214,39,40)
Ga0004748_15	1225073	1225717	0	color=(214,39,40)
Ga0004748_15	559654	561273	0	color=(214,39,40)
Ga0004748_11	749934	750782	0	color=(214,39,40)
Ga0004748_15	1050083	1050967	0	color=(214,39,40)
Ga0004748_15	384654	385133	0	color=(214,39,40)
Ga0004748_11	767073	768212	0	color=(214,39,40)
Ga0004748_14	45427	46299	0	color=(214,39,40)
Ga0004748_13	272001	273329	0	color=(214,39,40)
Ga0004748_15	1655314	1655916	0	color=(214,39,40)
Ga0004748_11	339547	340482	0	color=(214,39,40)
Ga0004748_11	10584	10787	0	color=(214,39,40)
Ga0004748_11	8846	9466	0	color=(214,39,40)
Ga0004748_11	579479	580141	0	color=(214,39,40)
Ga0004748_11	622152	623162	0	color=(214,39,40)
Ga0004748_15	1314764	1315600	0	color=(214,39,40)
Ga0004748_15	39720	40541	0	color=(214,39,40)
Ga0004748_11	1363281	1363769	0	color=(214,39,40)
Ga0004748_11	749098	749934	0	color=(214,39,40)
Ga0004748_14	36321	37751	0	color=(214,39,40)
Ga0004748_11	409697	410656	0	color=(214,39,40)
Ga0004748_15	668184	668420	0	color=(214,39,40)
Ga0004748_15	1546705	1547694	0	color=(214,39,40)
Ga0004748_11	267112	267969	0	color=(214,39,40)
Ga0004748_15	1350675	1351787	0	color=(214,39,40)
Ga0004748_11	727178	728140	0	color=(214,39,40)
Ga0004748_15	1782663	1783952	0	color=(214,39,40)
Ga0004748_11	848731	849528	0	color=(214,39,40)
Ga0004748_15	2368259	2369500	0	color=(214,39,40)
Ga0004748_11	747023	748003	0	color=(214,39,40)
Ga0004748_15	1548467	1549396	0	color=(214,39,40)
Ga0004748_15	1713209	1714423	0	color=(214,39,40)
Ga0004748_15	1408468	1409607	0	color=(214,39,40)
Ga0004748_15	1226942	1227403	0	color=(214,39,40)
Ga0004748_15	2322125	2323447	0	color=(214,39,40)
Ga0004748_11	1280795	1281028	0	color=(214,39,40)
Ga0004748_15	2285266	2286138	0	color=(214,39,40)
Ga0004748_13	154902	156131	0	color=(214,39,40)
Ga0004748_15	2244732	2246099	0	color=(214,39,40)
Ga0004748_11	338486	339532	0	color=(214,39,40)
Ga0004748_15	1821624	1822823	0	color=(214,39,40)
Ga0004748_15	1550263	1551597	0	color=(214,39,40)
Ga0004748_15	1294681	1295541	0	color=(214,39,40)
Ga0004748_12	109293	110840	0	color=(214,39,40)
Ga0004748_15	2462213	2463511	0	color=(214,39,40)
Ga0004748_15	1292186	1293076	0	color=(214,39,40)
Ga0004748_15	1357977	1358555	0	color=(214,39,40)
Ga0004748_14	3386	4807	0	color=(214,39,40)
Ga0004748_11	618707	619603	0	color=(214,39,40)
Ga0004748_15	1446021	1446335	0	color=(214,39,40)
Ga0004748_15	1784036	1784521	0	color=(214,39,40)
Ga0004748_15	1785589	1786602	0	color=(214,39,40)
Ga0004748_11	1912116	1913132	0	color=(255,152,150)
Ga0004748_15	56380	57183	0	color=(255,152,150)
Ga0004748_15	128910	129740	0	color=(255,152,150)
Ga0004748_11	1122452	1123453	0	color=(255,152,150)
Ga0004748_15	192913	193488	0	color=(255,152,150)
Ga0004748_15	168570	169511	0	color=(255,152,150)
Ga0004748_15	153069	154235	0	color=(255,152,150)
Ga0004748_11	1888518	1889543	0	color=(255,152,150)
Ga0004748_12	339156	340430	0	color=(255,152,150)
Ga0004748_11	1992006	1992923	0	color=(255,152,150)
Ga0004748_15	369082	370341	0	color=(255,152,150)
Ga0004748_11	609619	610410	0	color=(255,152,150)
Ga0004748_11	1360649	1362106	0	color=(255,152,150)
Ga0004748_11	1516012	1516662	0	color=(255,152,150)
Ga0004748_15	549069	550196	0	color=(255,152,150)
Ga0004748_11	1937339	1938508	0	color=(255,152,150)
Ga0004748_12	128074	128871	0	color=(255,152,150)
Ga0004748_15	635624	636535	0	color=(255,152,150)
Ga0004748_15	289000	290166	0	color=(255,152,150)
Ga0004748_11	179590	180543	0	color=(255,152,150)
Ga0004748_15	340620	341651	0	color=(255,152,150)
Ga0004748_11	767073	768212	0	color=(255,152,150)
Ga0004748_16	45372	46184	0	color=(255,152,150)
Ga0004748_15	225794	227092	0	color=(255,152,150)
Ga0004748_11	596146	597066	0	color=(255,152,150)
Ga0004748_15	2426146	2427132	0	color=(255,152,150)
Ga0004748_15	286822	288906	0	color=(255,152,150)
Ga0004748_16	130152	131414	0	color=(255,152,150)
Ga0004748_11	1932034	1932813	0	color=(255,152,150)
Ga0004748_15	504810	505847	0	color=(255,152,150)
Ga0004748_15	1166584	1167720	0	color=(255,152,150)
Ga0004748_15	1666688	1667836	0	color=(148,103,189)
Ga0004748_11	504933	506192	0	color=(148,103,189)
Ga0004748_11	1193647	1194684	0	color=(148,103,189)
Ga0004748_15	1100651	1101766	0	color=(148,103,189)
Ga0004748_11	130623	132062	0	color=(148,103,189)
Ga0004748_15	1676961	1678199	0	color=(148,103,189)
Ga0004748_11	998462	999976	0	color=(148,103,189)
Ga0004748_15	1274852	1275955	0	color=(148,103,189)
Ga0004748_11	1096273	1097217	0	color=(148,103,189)
Ga0004748_11	534891	536219	0	color=(148,103,189)
Ga0004748_15	1066395	1067018	0	color=(148,103,189)
Ga0004748_15	1280766	1281494	0	color=(148,103,189)
Ga0004748_13	24668	25651	0	color=(148,103,189)
Ga0004748_11	735946	736620	0	color=(148,103,189)
Ga0004748_16	25860	26462	0	color=(148,103,189)
Ga0004748_11	585236	585595	0	color=(148,103,189)
Ga0004748_15	2350258	2351259	0	color=(148,103,189)
Ga0004748_15	2393216	2394067	0	color=(148,103,189)
Ga0004748_16	122385	124004	0	color=(148,103,189)
Ga0004748_11	1930632	1931951	0	color=(148,103,189)
Ga0004748_15	1593819	1594592	0	color=(148,103,189)
Ga0004748_15	1664277	1665215	0	color=(148,103,189)
Ga0004748_11	1457389	1458849	0	color=(148,103,189)
Ga0004748_15	813947	815110	0	color=(148,103,189)
Ga0004748_11	881402	882700	0	color=(148,103,189)
Ga0004748_15	659826	661310	0	color=(148,103,189)
Ga0004748_11	386911	388188	0	color=(148,103,189)
Ga0004748_12	342748	343992	0	color=(148,103,189)
Ga0004748_11	947810	949522	0	color=(148,103,189)
Ga0004748_11	543281	544000	0	color=(148,103,189)
Ga0004748_15	1066059	1066391	0	color=(148,103,189)
Ga0004748_15	2445461	2446432	0	color=(148,103,189)
Ga0004748_11	490698	492197	0	color=(148,103,189)
Ga0004748_11	719851	720873	0	color=(148,103,189)
Ga0004748_15	2349292	2349816	0	color=(148,103,189)
Ga0004748_12	259193	260527	0	color=(148,103,189)
Ga0004748_15	2354337	2354705	0	color=(148,103,189)
Ga0004748_11	2053592	2055076	0	color=(148,103,189)
Ga0004748_16	23003	23878	0	color=(148,103,189)
Ga0004748_15	1964777	1965721	0	color=(148,103,189)
Ga0004748_11	2026185	2027378	0	color=(148,103,189)
Ga0004748_11	1274515	1275045	0	color=(148,103,189)
Ga0004748_11	241343	241714	0	color=(148,103,189)
Ga0004748_15	873731	875488	0	color=(148,103,189)
Ga0004748_15	2279020	2280681	0	color=(148,103,189)
Ga0004748_15	1773535	1774806	0	color=(148,103,189)
Ga0004748_15	500673	501959	0	color=(148,103,189)
Ga0004748_11	1107835	1108911	0	color=(148,103,189)
Ga0004748_15	2074518	2076899	0	color=(148,103,189)
Ga0004748_12	364504	368940	0	color=(148,103,189)
Ga0004748_11	1110874	1111890	0	color=(148,103,189)
Ga0004748_15	2052210	2052641	0	color=(148,103,189)
Ga0004748_12	26399	27835	0	color=(148,103,189)
Ga0004748_15	1270065	1271384	0	color=(148,103,189)
Ga0004748_16	48362	49678	0	color=(148,103,189)
Ga0004748_13	315191	317824	0	color=(148,103,189)
Ga0004748_12	346834	349083	0	color=(148,103,189)
Ga0004748_15	568243	569634	0	color=(148,103,189)
Ga0004748_15	2347092	2348954	0	color=(148,103,189)
Ga0004748_11	1451014	1452135	0	color=(148,103,189)
Ga0004748_12	170698	171969	0	color=(148,103,189)
Ga0004748_11	522976	524343	0	color=(148,103,189)
Ga0004748_11	1237372	1238580	0	color=(148,103,189)
Ga0004748_11	715206	716255	0	color=(148,103,189)
Ga0004748_16	178159	178662	0	color=(148,103,189)
Ga0004748_11	385298	386887	0	color=(148,103,189)
Ga0004748_15	1825289	1825672	0	color=(148,103,189)
Ga0004748_15	2066895	2067845	0	color=(148,103,189)
Ga0004748_15	559654	561273	0	color=(148,103,189)
Ga0004748_16	26463	26774	0	color=(148,103,189)
Ga0004748_16	144518	146389	0	color=(148,103,189)
Ga0004748_15	2270973	2271998	0	color=(148,103,189)
Ga0004748_13	154902	156131	0	color=(148,103,189)
Ga0004748_15	2365220	2365438	0	color=(148,103,189)
Ga0004748_15	1703434	1704627	0	color=(148,103,189)
Ga0004748_15	1068914	1069963	0	color=(148,103,189)
Ga0004748_11	1109484	1110887	0	color=(148,103,189)
Ga0004748_11	667312	668520	0	color=(148,103,189)
Ga0004748_15	2353828	2354346	0	color=(148,103,189)
Ga0004748_15	1098287	1099576	0	color=(148,103,189)
Ga0004748_15	673239	674036	0	color=(148,103,189)
Ga0004748_11	1275063	1275752	0	color=(148,103,189)
Ga0004748_15	1823343	1824929	0	color=(148,103,189)
Ga0004748_11	736664	737431	0	color=(148,103,189)
Ga0004748_15	2432991	2433716	0	color=(148,103,189)
Ga0004748_16	159065	160264	0	color=(148,103,189)
Ga0004748_15	958519	959679	0	color=(148,103,189)
Ga0004748_15	1853114	1854142	0	color=(148,103,189)
Ga0004748_15	2364584	2365090	0	color=(148,103,189)
Ga0004748_11	2011552	2012550	0	color=(148,103,189)
Ga0004748_16	160324	161670	0	color=(148,103,189)
Ga0004748_15	95862	97199	0	color=(148,103,189)
Ga0004748_15	1272397	1273398	0	color=(148,103,189)
Ga0004748_15	49277	50389	0	color=(148,103,189)
Ga0004748_11	1939279	1940496	0	color=(148,103,189)
Ga0004748_15	114839	116086	0	color=(148,103,189)
Ga0004748_15	2322125	2323447	0	color=(148,103,189)
Ga0004748_11	536216	537628	0	color=(148,103,189)
Ga0004748_13	191219	192349	0	color=(148,103,189)
Ga0004748_11	1901748	1902623	0	color=(148,103,189)
Ga0004748_16	150277	151083	0	color=(148,103,189)
Ga0004748_15	957597	958499	0	color=(148,103,189)
Ga0004748_13	272001	273329	0	color=(148,103,189)
Ga0004748_15	1454031	1456634	0	color=(148,103,189)
Ga0004748_11	2009273	2010472	0	color=(148,103,189)
Ga0004748_15	2395410	2397521	0	color=(148,103,189)
Ga0004748_11	1413601	1415025	0	color=(148,103,189)
Ga0004748_15	2351259	2352359	0	color=(148,103,189)
Ga0004748_15	431640	432053	0	color=(148,103,189)
Ga0004748_12	202157	203608	0	color=(148,103,189)
Ga0004748_15	1008596	1009525	0	color=(148,103,189)
Ga0004748_15	1277178	1278077	0	color=(148,103,189)
Ga0004748_15	2362525	2364033	0	color=(148,103,189)
Ga0004748_15	2364045	2364587	0	color=(148,103,189)
Ga0004748_15	753007	754134	0	color=(148,103,189)
Ga0004748_11	1778464	1779378	0	color=(148,103,189)
Ga0004748_15	751365	752939	0	color=(148,103,189)
Ga0004748_15	2244732	2246099	0	color=(148,103,189)
Ga0004748_15	2366222	2366614	0	color=(148,103,189)
Ga0004748_15	2352362	2353831	0	color=(148,103,189)
Ga0004748_15	256419	257951	0	color=(148,103,189)
Ga0004748_13	302233	303177	0	color=(148,103,189)
Ga0004748_15	1851775	1853124	0	color=(148,103,189)
Ga0004748_15	2361398	2362258	0	color=(148,103,189)
Ga0004748_11	2048140	2049069	0	color=(148,103,189)
Ga0004748_12	183366	184913	0	color=(148,103,189)
Ga0004748_11	506326	509193	0	color=(148,103,189)
Ga0004748_12	323272	324849	0	color=(148,103,189)
Ga0004748_15	1588854	1589480	0	color=(148,103,189)
Ga0004748_11	1861378	1862565	0	color=(148,103,189)
Ga0004748_11	1350441	1351643	0	color=(148,103,189)
Ga0004748_11	1010805	1012568	0	color=(148,103,189)
Ga0004748_15	2269625	2270980	0	color=(148,103,189)
Ga0004748_15	1592805	1593782	0	color=(148,103,189)
Ga0004748_15	2365495	2366214	0	color=(148,103,189)
Ga0004748_15	2359330	2359731	0	color=(148,103,189)
Ga0004748_16	204021	205163	0	color=(148,103,189)
Ga0004748_15	553502	554446	0	color=(148,103,189)
Ga0004748_11	1185107	1186108	0	color=(148,103,189)
Ga0004748_15	794432	794974	0	color=(140,86,75)
Ga0004748_11	1583777	1584166	0	color=(140,86,75)
Ga0004748_11	1346453	1347028	0	color=(140,86,75)
Ga0004748_11	765428	765982	0	color=(140,86,75)
Ga0004748_11	2034900	2035235	0	color=(140,86,75)
Ga0004748_11	1568081	1568410	0	color=(140,86,75)
Ga0004748_15	717068	717358	0	color=(140,86,75)
Ga0004748_11	420012	420869	0	color=(140,86,75)
Ga0004748_15	1025858	1026328	0	color=(140,86,75)
Ga0004748_13	17566	18096	0	color=(140,86,75)
Ga0004748_11	317945	318598	0	color=(140,86,75)
Ga0004748_11	2030000	2030353	0	color=(140,86,75)
Ga0004748_11	823492	823833	0	color=(140,86,75)
Ga0004748_15	2198683	2199489	0	color=(140,86,75)
Ga0004748_11	392264	392857	0	color=(140,86,75)
Ga0004748_15	1267731	1268435	0	color=(140,86,75)
Ga0004748_15	261917	262288	0	color=(140,86,75)
Ga0004748_15	979800	980162	0	color=(140,86,75)
Ga0004748_11	202676	203638	0	color=(140,86,75)
Ga0004748_11	2065897	2066502	0	color=(140,86,75)
Ga0004748_15	1469188	1469466	0	color=(140,86,75)
Ga0004748_15	527291	528055	0	color=(140,86,75)
Ga0004748_11	60030	61118	0	color=(140,86,75)
Ga0004748_15	1164251	1164763	0	color=(140,86,75)
Ga0004748_15	716363	716959	0	color=(140,86,75)
Ga0004748_11	1444807	1445019	0	color=(140,86,75)
Ga0004748_11	979499	980185	0	color=(140,86,75)
Ga0004748_11	850194	850658	0	color=(140,86,75)
Ga0004748_11	1305193	1305576	0	color=(140,86,75)
Ga0004748_11	417155	417646	0	color=(140,86,75)
Ga0004748_11	1733743	1733874	0	color=(140,86,75)
Ga0004748_11	2024376	2025743	0	color=(140,86,75)
Ga0004748_11	1682370	1682837	0	color=(140,86,75)
Ga0004748_15	2094179	2094793	0	color=(140,86,75)
Ga0004748_11	1577430	1577837	0	color=(140,86,75)
Ga0004748_11	1088551	1089171	0	color=(140,86,75)
Ga0004748_15	244730	245095	0	color=(140,86,75)
Ga0004748_11	315825	316301	0	color=(140,86,75)
Ga0004748_15	2027509	2027817	0	color=(140,86,75)
Ga0004748_15	579383	580759	0	color=(140,86,75)
Ga0004748_11	1318015	1319100	0	color=(140,86,75)
Ga0004748_11	1106794	1107117	0	color=(140,86,75)
Ga0004748_15	1500695	1501342	0	color=(140,86,75)
Ga0004748_11	2051506	2051871	0	color=(140,86,75)
Ga0004748_11	1923856	1924671	0	color=(140,86,75)
Ga0004748_12	308497	309363	0	color=(140,86,75)
Ga0004748_11	1338036	1339418	0	color=(140,86,75)
Ga0004748_15	2218100	2218411	0	color=(140,86,75)
Ga0004748_11	677304	678149	0	color=(140,86,75)
Ga0004748_11	818417	818902	0	color=(140,86,75)
Ga0004748_15	2425506	2425943	0	color=(140,86,75)
Ga0004748_12	280111	280431	0	color=(140,86,75)
Ga0004748_15	1759867	1760376	0	color=(140,86,75)
Ga0004748_11	1151980	1152660	0	color=(140,86,75)
Ga0004748_11	1297380	1297655	0	color=(140,86,75)
Ga0004748_15	1603733	1604236	0	color=(140,86,75)
Ga0004748_15	338498	339337	0	color=(140,86,75)
Ga0004748_11	1238761	1239606	0	color=(140,86,75)
Ga0004748_13	182709	183086	0	color=(140,86,75)
Ga0004748_15	297649	299145	0	color=(140,86,75)
Ga0004748_11	1562581	1563129	0	color=(140,86,75)
Ga0004748_15	183504	183809	0	color=(140,86,75)
Ga0004748_13	260906	261319	0	color=(140,86,75)
Ga0004748_15	2449977	2450345	0	color=(140,86,75)
Ga0004748_11	734086	734679	0	color=(140,86,75)
Ga0004748_15	2111023	2111616	0	color=(140,86,75)
Ga0004748_12	127289	127731	0	color=(140,86,75)
Ga0004748_15	2038357	2038797	0	color=(140,86,75)
Ga0004748_11	1450328	1450618	0	color=(140,86,75)
Ga0004748_11	78519	79331	0	color=(140,86,75)
Ga0004748_15	342785	344032	0	color=(140,86,75)
Ga0004748_15	1262597	1263565	0	color=(140,86,75)
Ga0004748_15	468637	468972	0	color=(140,86,75)
Ga0004748_11	1662436	1662585	0	color=(140,86,75)
Ga0004748_13	129961	130398	0	color=(140,86,75)
Ga0004748_15	1185189	1186055	0	color=(140,86,75)
Ga0004748_15	2020122	2020361	0	color=(140,86,75)
Ga0004748_15	563322	564788	0	color=(140,86,75)
Ga0004748_11	316294	317745	0	color=(140,86,75)
Ga0004748_15	934701	935171	0	color=(140,86,75)
Ga0004748_15	269791	270711	0	color=(140,86,75)
Ga0004748_12	56682	57038	0	color=(140,86,75)
Ga0004748_12	252561	253793	0	color=(140,86,75)
Ga0004748_15	2041116	2041424	0	color=(140,86,75)
Ga0004748_11	143869	144225	0	color=(140,86,75)
Ga0004748_15	2446687	2447430	0	color=(140,86,75)
Ga0004748_15	520251	520913	0	color=(140,86,75)
Ga0004748_15	704632	705075	0	color=(140,86,75)
Ga0004748_15	665950	666198	0	color=(140,86,75)
Ga0004748_15	1627839	1628108	0	color=(140,86,75)
Ga0004748_15	126233	128620	0	color=(140,86,75)
Ga0004748_11	963697	964500	0	color=(140,86,75)
Ga0004748_11	2027450	2028130	0	color=(140,86,75)
Ga0004748_15	1000608	1001789	0	color=(140,86,75)
Ga0004748_11	1898992	1899636	0	color=(140,86,75)
Ga0004748_13	206576	207046	0	color=(140,86,75)
Ga0004748_11	831962	832540	0	color=(140,86,75)
Ga0004748_15	2196136	2197089	0	color=(140,86,75)
Ga0004748_11	1863747	1864295	0	color=(140,86,75)
Ga0004748_11	1401383	1401940	0	color=(140,86,75)
Ga0004748_12	18496	19002	0	color=(140,86,75)
Ga0004748_15	2089077	2089970	0	color=(140,86,75)
Ga0004748_11	1331538	1331810	0	color=(140,86,75)
Ga0004748_12	312819	313499	0	color=(140,86,75)
Ga0004748_15	530062	530550	0	color=(140,86,75)
Ga0004748_15	2241664	2242299	0	color=(140,86,75)
Ga0004748_12	195387	196814	0	color=(140,86,75)
Ga0004748_11	262851	263102	0	color=(140,86,75)
Ga0004748_11	79670	79951	0	color=(140,86,75)
Ga0004748_15	2014713	2015174	0	color=(140,86,75)
Ga0004748_11	744012	744716	0	color=(140,86,75)
Ga0004748_15	1113259	1113495	0	color=(140,86,75)
Ga0004748_15	509235	509699	0	color=(140,86,75)
Ga0004748_11	1246982	1247878	0	color=(140,86,75)
Ga0004748_11	91788	92864	0	color=(140,86,75)
Ga0004748_12	214589	215107	0	color=(140,86,75)
Ga0004748_15	907693	908610	0	color=(140,86,75)
Ga0004748_11	1985934	1986989	0	color=(140,86,75)
Ga0004748_15	567138	567665	0	color=(140,86,75)
Ga0004748_15	2372501	2372887	0	color=(140,86,75)
Ga0004748_15	783430	783651	0	color=(140,86,75)
Ga0004748_15	2149982	2150386	0	color=(140,86,75)
Ga0004748_15	2281903	2282268	0	color=(140,86,75)
Ga0004748_11	142581	143726	0	color=(140,86,75)
Ga0004748_11	775845	777008	0	color=(140,86,75)
Ga0004748_11	2014252	2014761	0	color=(140,86,75)
Ga0004748_15	2079766	2080068	0	color=(140,86,75)
Ga0004748_15	642513	643133	0	color=(140,86,75)
Ga0004748_15	1214294	1214818	0	color=(140,86,75)
Ga0004748_11	1426977	1427192	0	color=(140,86,75)
Ga0004748_11	1881551	1882088	0	color=(140,86,75)
Ga0004748_11	820763	821491	0	color=(140,86,75)
Ga0004748_15	815226	815768	0	color=(140,86,75)
Ga0004748_11	683120	685699	0	color=(140,86,75)
Ga0004748_15	664411	664836	0	color=(140,86,75)
Ga0004748_16	146545	147027	0	color=(140,86,75)
Ga0004748_15	1947741	1948523	0	color=(140,86,75)
Ga0004748_11	2049230	2049895	0	color=(140,86,75)
Ga0004748_15	1257244	1257944	0	color=(140,86,75)
Ga0004748_14	7302	7652	0	color=(140,86,75)
Ga0004748_15	2205535	2205915	0	color=(140,86,75)
Ga0004748_15	1025588	1025851	0	color=(140,86,75)
Ga0004748_15	1147100	1147555	0	color=(140,86,75)
Ga0004748_15	1973571	1974251	0	color=(140,86,75)
Ga0004748_16	193500	196391	0	color=(140,86,75)
Ga0004748_15	2358407	2359192	0	color=(140,86,75)
Ga0004748_11	738166	738852	0	color=(140,86,75)
Ga0004748_11	1772194	1772691	0	color=(140,86,75)
Ga0004748_15	744064	744873	0	color=(140,86,75)
Ga0004748_11	741304	742185	0	color=(140,86,75)
Ga0004748_15	2015205	2015558	0	color=(140,86,75)
Ga0004748_11	272561	272872	0	color=(140,86,75)
Ga0004748_13	43646	44008	0	color=(140,86,75)
Ga0004748_11	1556624	1558183	0	color=(140,86,75)
Ga0004748_11	1211548	1212030	0	color=(140,86,75)
Ga0004748_15	2369754	2370344	0	color=(140,86,75)
Ga0004748_16	57052	59451	0	color=(140,86,75)
Ga0004748_15	1182088	1182831	0	color=(140,86,75)
Ga0004748_15	2136318	2136758	0	color=(140,86,75)
Ga0004748_15	930632	930913	0	color=(140,86,75)
Ga0004748_15	1060095	1060547	0	color=(140,86,75)
Ga0004748_15	1062192	1063226	0	color=(140,86,75)
Ga0004748_12	55707	56543	0	color=(140,86,75)
Ga0004748_15	791833	792072	0	color=(140,86,75)
Ga0004748_15	1200657	1201328	0	color=(140,86,75)
Ga0004748_13	165291	165509	0	color=(140,86,75)
Ga0004748_11	520413	522803	0	color=(140,86,75)
Ga0004748_15	800486	801109	0	color=(140,86,75)
Ga0004748_15	1210176	1210823	0	color=(140,86,75)
Ga0004748_14	16154	16414	0	color=(140,86,75)
Ga0004748_15	643612	643953	0	color=(140,86,75)
Ga0004748_11	951937	955131	0	color=(140,86,75)
Ga0004748_15	477539	478288	0	color=(140,86,75)
Ga0004748_15	995044	995919	0	color=(140,86,75)
Ga0004748_15	328249	328467	0	color=(140,86,75)
Ga0004748_15	1644094	1644585	0	color=(140,86,75)
Ga0004748_13	205411	205836	0	color=(140,86,75)
Ga0004748_15	2195097	2196047	0	color=(140,86,75)
Ga0004748_15	2540981	2541178	0	color=(140,86,75)
Ga0004748_15	1262020	1262580	0	color=(140,86,75)
Ga0004748_15	346522	346713	0	color=(140,86,75)
Ga0004748_12	174239	174403	0	color=(140,86,75)
Ga0004748_15	1668224	1668685	0	color=(140,86,75)
Ga0004748_11	1166437	1167189	0	color=(140,86,75)
Ga0004748_15	1387421	1387875	0	color=(140,86,75)
Ga0004748_13	266419	267096	0	color=(140,86,75)
Ga0004748_16	196520	197695	0	color=(140,86,75)
Ga0004748_11	262575	262775	0	color=(140,86,75)
Ga0004748_15	876697	876957	0	color=(140,86,75)
Ga0004748_16	208262	208981	0	color=(140,86,75)
Ga0004748_15	1296304	1296696	0	color=(140,86,75)
Ga0004748_15	1700603	1701265	0	color=(140,86,75)
Ga0004748_11	1945606	1946109	0	color=(140,86,75)
Ga0004748_11	93017	93421	0	color=(140,86,75)
Ga0004748_17	54827	55675	0	color=(140,86,75)
Ga0004748_15	1183196	1183714	0	color=(140,86,75)
Ga0004748_12	10395	11882	0	color=(140,86,75)
Ga0004748_15	1313020	1313691	0	color=(140,86,75)
Ga0004748_11	1985368	1985904	0	color=(140,86,75)
Ga0004748_15	1827308	1827631	0	color=(140,86,75)
Ga0004748_15	2472148	2472351	0	color=(140,86,75)
Ga0004748_15	2374248	2374796	0	color=(140,86,75)
Ga0004748_13	370788	371279	0	color=(140,86,75)
Ga0004748_11	333502	333978	0	color=(140,86,75)
Ga0004748_15	461607	461978	0	color=(140,86,75)
Ga0004748_12	363059	364147	0	color=(140,86,75)
Ga0004748_15	272799	273275	0	color=(140,86,75)
Ga0004748_15	633008	633685	0	color=(140,86,75)
Ga0004748_11	932888	934135	0	color=(140,86,75)
Ga0004748_11	533598	534425	0	color=(140,86,75)
Ga0004748_15	2214452	2215474	0	color=(140,86,75)
Ga0004748_15	1517285	1517932	0	color=(140,86,75)
Ga0004748_16	132663	133211	0	color=(140,86,75)
Ga0004748_15	994713	994976	0	color=(140,86,75)
Ga0004748_15	2192732	2193601	0	color=(140,86,75)
Ga0004748_15	2527404	2528720	0	color=(140,86,75)
Ga0004748_11	831135	831800	0	color=(140,86,75)
Ga0004748_15	2343632	2343868	0	color=(140,86,75)
Ga0004748_15	2459230	2459856	0	color=(140,86,75)
Ga0004748_15	825342	825644	0	color=(140,86,75)
Ga0004748_15	1375987	1376865	0	color=(140,86,75)
Ga0004748_11	34049	34729	0	color=(140,86,75)
Ga0004748_11	48900	49163	0	color=(140,86,75)
Ga0004748_15	2253493	2254197	0	color=(140,86,75)
Ga0004748_16	47157	48308	0	color=(140,86,75)
Ga0004748_15	1388243	1389055	0	color=(140,86,75)
Ga0004748_12	317487	318080	0	color=(140,86,75)
Ga0004748_15	1977474	1977707	0	color=(140,86,75)
Ga0004748_15	198953	199648	0	color=(140,86,75)
Ga0004748_15	396478	396753	0	color=(140,86,75)
Ga0004748_15	742143	742355	0	color=(140,86,75)
Ga0004748_15	2480796	2481428	0	color=(140,86,75)
Ga0004748_15	207281	207913	0	color=(140,86,75)
Ga0004748_11	1535839	1536435	0	color=(140,86,75)
Ga0004748_15	442441	442614	0	color=(140,86,75)
Ga0004748_15	2118525	2119694	0	color=(140,86,75)
Ga0004748_15	1091849	1092118	0	color=(140,86,75)
Ga0004748_11	1481216	1481440	0	color=(140,86,75)
Ga0004748_11	1533970	1534659	0	color=(140,86,75)
Ga0004748_11	1415128	1415520	0	color=(140,86,75)
Ga0004748_15	659274	659552	0	color=(140,86,75)
Ga0004748_15	1436514	1437014	0	color=(140,86,75)
Ga0004748_15	1850754	1850990	0	color=(140,86,75)
Ga0004748_11	500944	502893	0	color=(140,86,75)
Ga0004748_13	204728	205153	0	color=(140,86,75)
Ga0004748_15	966106	966438	0	color=(140,86,75)
Ga0004748_15	1855218	1856255	0	color=(140,86,75)
Ga0004748_14	6460	7287	0	color=(140,86,75)
Ga0004748_11	148945	149505	0	color=(140,86,75)
Ga0004748_11	571469	572239	0	color=(140,86,75)
Ga0004748_15	2018614	2018967	0	color=(140,86,75)
Ga0004748_15	1381665	1382786	0	color=(140,86,75)
Ga0004748_11	1485543	1486067	0	color=(140,86,75)
Ga0004748_15	2357713	2358357	0	color=(140,86,75)
Ga0004748_15	2427158	2427520	0	color=(140,86,75)
Ga0004748_15	327007	327954	0	color=(140,86,75)
Ga0004748_15	1104532	1104744	0	color=(140,86,75)
Ga0004748_11	1774599	1775552	0	color=(140,86,75)
Ga0004748_15	1401594	1402343	0	color=(140,86,75)
Ga0004748_11	1202397	1202999	0	color=(140,86,75)
Ga0004748_15	1655968	1656600	0	color=(140,86,75)
Ga0004748_15	835829	836467	0	color=(140,86,75)
Ga0004748_11	79963	80568	0	color=(140,86,75)
Ga0004748_15	441423	442244	0	color=(140,86,75)
Ga0004748_11	1049757	1049987	0	color=(140,86,75)
Ga0004748_15	174513	174959	0	color=(140,86,75)
Ga0004748_15	674513	674995	0	color=(140,86,75)
Ga0004748_15	375922	376305	0	color=(140,86,75)
Ga0004748_11	737553	738140	0	color=(140,86,75)
Ga0004748_11	1508581	1509051	0	color=(140,86,75)
Ga0004748_15	2523786	2524265	0	color=(140,86,75)
Ga0004748_15	497290	497631	0	color=(140,86,75)
Ga0004748_15	1469896	1470162	0	color=(140,86,75)
Ga0004748_15	30895	31137	0	color=(140,86,75)
Ga0004748_15	1813956	1815257	0	color=(140,86,75)
Ga0004748_11	914346	915230	0	color=(140,86,75)
Ga0004748_15	1447230	1447634	0	color=(140,86,75)
Ga0004748_11	1720451	1721419	0	color=(140,86,75)
Ga0004748_15	1421098	1421454	0	color=(140,86,75)
Ga0004748_12	334145	334798	0	color=(140,86,75)
Ga0004748_15	1912126	1912725	0	color=(140,86,75)
Ga0004748_15	1828006	1828926	0	color=(140,86,75)
Ga0004748_15	2189279	2189632	0	color=(140,86,75)
Ga0004748_11	65511	66596	0	color=(140,86,75)
Ga0004748_15	197989	198951	0	color=(140,86,75)
Ga0004748_12	193231	193467	0	color=(140,86,75)
Ga0004748_11	333971	335389	0	color=(140,86,75)
Ga0004748_15	1856443	1857315	0	color=(140,86,75)
Ga0004748_15	508775	509221	0	color=(140,86,75)
Ga0004748_15	2443236	2443460	0	color=(140,86,75)
Ga0004748_11	1206850	1207719	0	color=(140,86,75)
Ga0004748_11	42740	44155	0	color=(140,86,75)
Ga0004748_15	1354495	1355607	0	color=(140,86,75)
Ga0004748_15	1027019	1027837	0	color=(140,86,75)
Ga0004748_15	1758578	1759390	0	color=(140,86,75)
Ga0004748_15	870484	870915	0	color=(140,86,75)
Ga0004748_17	44021	45487	0	color=(140,86,75)
Ga0004748_13	267796	268677	0	color=(140,86,75)
Ga0004748_15	419656	419904	0	color=(140,86,75)
Ga0004748_11	1507424	1507849	0	color=(140,86,75)
Ga0004748_11	1352609	1353082	0	color=(140,86,75)
Ga0004748_11	1041500	1041811	0	color=(140,86,75)
Ga0004748_15	546998	547414	0	color=(140,86,75)
Ga0004748_15	1809724	1810746	0	color=(140,86,75)
Ga0004748_12	334929	335540	0	color=(140,86,75)
Ga0004748_15	2095669	2096130	0	color=(140,86,75)
Ga0004748_13	74255	74911	0	color=(140,86,75)
Ga0004748_15	2197093	2197974	0	color=(196,156,148)
Ga0004748_15	2373046	2373657	0	color=(196,156,148)
Ga0004748_11	1218606	1218935	0	color=(196,156,148)
Ga0004748_11	1854337	1854915	0	color=(196,156,148)
Ga0004748_15	1744249	1744806	0	color=(196,156,148)
Ga0004748_15	1439175	1440413	0	color=(196,156,148)
Ga0004748_15	167658	168407	0	color=(196,156,148)
Ga0004748_11	834433	835158	0	color=(196,156,148)
Ga0004748_11	1689232	1690305	0	color=(196,156,148)
Ga0004748_11	22583	23437	0	color=(196,156,148)
Ga0004748_11	103642	105852	0	color=(196,156,148)
Ga0004748_11	2038558	2039403	0	color=(196,156,148)
Ga0004748_11	1372712	1373299	0	color=(196,156,148)
Ga0004748_15	1392671	1393141	0	color=(196,156,148)
Ga0004748_15	775492	776247	0	color=(196,156,148)
Ga0004748_15	1008596	1009525	0	color=(196,156,148)
Ga0004748_11	911984	913171	0	color=(196,156,148)
Ga0004748_15	2437225	2437410	0	color=(196,156,148)
Ga0004748_11	1205950	1206846	0	color=(196,156,148)
Ga0004748_15	463194	464957	0	color=(196,156,148)
Ga0004748_15	471317	472378	0	color=(196,156,148)
Ga0004748_11	166277	167746	0	color=(196,156,148)
Ga0004748_14	36321	37751	0	color=(196,156,148)
Ga0004748_15	1186087	1186890	0	color=(196,156,148)
Ga0004748_15	2022889	2023686	0	color=(196,156,148)
Ga0004748_15	300969	302306	0	color=(196,156,148)
Ga0004748_16	76844	78295	0	color=(196,156,148)
Ga0004748_11	976667	978004	0	color=(196,156,148)
Ga0004748_15	2034635	2035450	0	color=(196,156,148)
Ga0004748_11	1229803	1230579	0	color=(196,156,148)
Ga0004748_11	1035615	1036985	0	color=(196,156,148)
Ga0004748_11	649810	651165	0	color=(196,156,148)
Ga0004748_15	2550012	2550629	0	color=(196,156,148)
Ga0004748_15	2172602	2172970	0	color=(196,156,148)
Ga0004748_15	299731	300609	0	color=(196,156,148)
Ga0004748_15	1627298	1627837	0	color=(196,156,148)
Ga0004748_15	1631921	1634341	0	color=(196,156,148)
Ga0004748_11	1880572	1881453	0	color=(196,156,148)
Ga0004748_15	1669071	1670189	0	color=(196,156,148)
Ga0004748_15	140141	141304	0	color=(196,156,148)
Ga0004748_11	1344123	1345463	0	color=(196,156,148)
Ga0004748_12	216839	217948	0	color=(196,156,148)
Ga0004748_15	2068682	2069395	0	color=(196,156,148)
Ga0004748_15	1192122	1193648	0	color=(196,156,148)
Ga0004748_15	1763593	1764246	0	color=(196,156,148)
Ga0004748_17	24199	24828	0	color=(196,156,148)
Ga0004748_15	155977	157086	0	color=(196,156,148)
Ga0004748_11	421339	422148	0	color=(196,156,148)
Ga0004748_11	153572	154444	0	color=(196,156,148)
Ga0004748_11	378048	378896	0	color=(196,156,148)
Ga0004748_11	238137	238721	0	color=(196,156,148)
Ga0004748_12	209479	210855	0	color=(196,156,148)
Ga0004748_15	1556025	1557695	0	color=(196,156,148)
Ga0004748_11	1827347	1828471	0	color=(196,156,148)
Ga0004748_11	1855091	1855942	0	color=(196,156,148)
Ga0004748_11	1086882	1088516	0	color=(196,156,148)
Ga0004748_15	1058193	1058759	0	color=(196,156,148)
Ga0004748_11	1526050	1526946	0	color=(196,156,148)
Ga0004748_11	1993915	1994544	0	color=(196,156,148)
Ga0004748_15	1742783	1743805	0	color=(196,156,148)
Ga0004748_12	71327	72199	0	color=(196,156,148)
Ga0004748_11	1165014	1165979	0	color=(196,156,148)
Ga0004748_15	1582249	1583076	0	color=(196,156,148)
Ga0004748_15	2025884	2026561	0	color=(196,156,148)
Ga0004748_15	1907786	1908688	0	color=(196,156,148)
Ga0004748_15	983474	985447	0	color=(196,156,148)
Ga0004748_11	1429689	1430444	0	color=(196,156,148)
Ga0004748_11	1428886	1429707	0	color=(196,156,148)
Ga0004748_15	1937538	1938644	0	color=(196,156,148)
Ga0004748_11	397106	400831	0	color=(196,156,148)
Ga0004748_12	355124	355936	0	color=(196,156,148)
Ga0004748_15	1473772	1474839	0	color=(196,156,148)
Ga0004748_11	1282985	1283902	0	color=(196,156,148)
Ga0004748_15	418471	419592	0	color=(196,156,148)
Ga0004748_11	1266665	1267879	0	color=(196,156,148)
Ga0004748_15	2500803	2501234	0	color=(196,156,148)
Ga0004748_11	529125	531317	0	color=(196,156,148)
Ga0004748_12	181148	182344	0	color=(196,156,148)
Ga0004748_15	1382783	1383490	0	color=(196,156,148)
Ga0004748_15	1670802	1671191	0	color=(196,156,148)
Ga0004748_15	1525692	1526978	0	color=(196,156,148)
Ga0004748_11	592736	593749	0	color=(196,156,148)
Ga0004748_11	1769178	1769621	0	color=(196,156,148)
Ga0004748_11	179590	180543	0	color=(196,156,148)
Ga0004748_15	1402488	1403426	0	color=(196,156,148)
Ga0004748_17	3607	4479	0	color=(196,156,148)
Ga0004748_11	1593233	1593991	0	color=(196,156,148)
Ga0004748_14	70461	71141	0	color=(196,156,148)
Ga0004748_15	1773535	1774806	0	color=(196,156,148)
Ga0004748_15	349985	352375	0	color=(196,156,148)
Ga0004748_15	773317	773682	0	color=(196,156,148)
Ga0004748_11	1367657	1368313	0	color=(196,156,148)
Ga0004748_15	1053298	1054539	0	color=(196,156,148)
Ga0004748_15	1054549	1055586	0	color=(196,156,148)
Ga0004748_12	215202	215909	0	color=(196,156,148)
Ga0004748_11	761051	761653	0	color=(196,156,148)
Ga0004748_12	105798	106547	0	color=(196,156,148)
Ga0004748_11	1095171	1096184	0	color=(196,156,148)
Ga0004748_11	767073	768212	0	color=(196,156,148)
Ga0004748_12	197373	198278	0	color=(196,156,148)
Ga0004748_15	2498716	2499750	0	color=(196,156,148)
Ga0004748_14	10389	12371	0	color=(196,156,148)
Ga0004748_11	304600	306936	0	color=(196,156,148)
Ga0004748_11	669757	670557	0	color=(196,156,148)
Ga0004748_11	369517	370407	0	color=(196,156,148)
Ga0004748_12	85794	86366	0	color=(196,156,148)
Ga0004748_15	1637829	1638542	0	color=(196,156,148)
Ga0004748_15	1757967	1758581	0	color=(196,156,148)
Ga0004748_15	1467894	1468964	0	color=(196,156,148)
Ga0004748_11	448237	449481	0	color=(196,156,148)
Ga0004748_11	1133974	1134645	0	color=(196,156,148)
Ga0004748_11	704149	704715	0	color=(196,156,148)
Ga0004748_12	354137	355042	0	color=(196,156,148)
Ga0004748_11	2071139	2072191	0	color=(196,156,148)
Ga0004748_15	1176688	1177494	0	color=(196,156,148)
Ga0004748_11	913355	914332	0	color=(196,156,148)
Ga0004748_11	1153611	1155419	0	color=(196,156,148)
Ga0004748_12	176156	176845	0	color=(196,156,148)
Ga0004748_11	993447	994163	0	color=(196,156,148)
Ga0004748_11	579479	580141	0	color=(196,156,148)
Ga0004748_12	182441	183211	0	color=(196,156,148)
Ga0004748_14	76910	77422	0	color=(196,156,148)
Ga0004748_12	99726	100199	0	color=(196,156,148)
Ga0004748_11	1189806	1190756	0	color=(196,156,148)
Ga0004748_15	199670	200431	0	color=(196,156,148)
Ga0004748_11	739852	740532	0	color=(196,156,148)
Ga0004748_15	73049	76165	0	color=(196,156,148)
Ga0004748_12	357091	358071	0	color=(196,156,148)
Ga0004748_11	1155480	1157318	0	color=(196,156,148)
Ga0004748_11	1818739	1819458	0	color=(196,156,148)
Ga0004748_11	1823747	1825423	0	color=(196,156,148)
Ga0004748_15	227455	228786	0	color=(196,156,148)
Ga0004748_11	1553688	1554281	0	color=(196,156,148)
Ga0004748_15	46704	47789	0	color=(196,156,148)
Ga0004748_15	1055579	1056370	0	color=(196,156,148)
Ga0004748_15	705131	706162	0	color=(196,156,148)
Ga0004748_15	1103211	1103984	0	color=(196,156,148)
Ga0004748_15	478665	479564	0	color=(196,156,148)
Ga0004748_15	1467049	1467690	0	color=(196,156,148)
Ga0004748_11	452784	453182	0	color=(196,156,148)
Ga0004748_15	892619	893695	0	color=(196,156,148)
Ga0004748_11	1098961	1099884	0	color=(196,156,148)
Ga0004748_11	1531375	1532499	0	color=(196,156,148)
Ga0004748_15	100051	101553	0	color=(196,156,148)
Ga0004748_12	371571	372362	0	color=(196,156,148)
Ga0004748_15	982345	983226	0	color=(196,156,148)
Ga0004748_15	848325	848681	0	color=(196,156,148)
Ga0004748_13	2694	4457	0	color=(196,156,148)
Ga0004748_15	1424976	1425488	0	color=(196,156,148)
Ga0004748_13	77519	78184	0	color=(196,156,148)
Ga0004748_12	321599	322726	0	color=(196,156,148)
Ga0004748_11	1387383	1388246	0	color=(196,156,148)
Ga0004748_11	597182	598270	0	color=(196,156,148)
Ga0004748_12	240051	240683	0	color=(196,156,148)
Ga0004748_15	881288	882526	0	color=(196,156,148)
Ga0004748_15	1308826	1309746	0	color=(196,156,148)
Ga0004748_15	1415710	1418031	0	color=(196,156,148)
Ga0004748_13	69103	70137	0	color=(196,156,148)
Ga0004748_11	220629	221396	0	color=(196,156,148)
Ga0004748_12	272580	273893	0	color=(196,156,148)
Ga0004748_11	1331893	1334565	0	color=(196,156,148)
Ga0004748_13	76718	77506	0	color=(196,156,148)
Ga0004748_11	10790	11560	0	color=(196,156,148)
Ga0004748_13	82760	83608	0	color=(196,156,148)
Ga0004748_11	1513350	1515581	0	color=(196,156,148)
Ga0004748_15	2116839	2117402	0	color=(196,156,148)
Ga0004748_15	735578	736153	0	color=(196,156,148)
Ga0004748_15	1713209	1714423	0	color=(196,156,148)
Ga0004748_12	372367	373152	0	color=(196,156,148)
Ga0004748_13	75924	76715	0	color=(196,156,148)
Ga0004748_11	277025	278011	0	color=(196,156,148)
Ga0004748_11	1177145	1178194	0	color=(196,156,148)
Ga0004748_11	52531	53295	0	color=(196,156,148)
Ga0004748_15	2109183	2109878	0	color=(196,156,148)
Ga0004748_12	176858	179107	0	color=(196,156,148)
Ga0004748_15	2015665	2015850	0	color=(196,156,148)
Ga0004748_15	2453304	2454125	0	color=(196,156,148)
Ga0004748_11	1927497	1928348	0	color=(196,156,148)
Ga0004748_15	1782	3521	0	color=(196,156,148)
Ga0004748_15	1553512	1555842	0	color=(196,156,148)
Ga0004748_13	222303	222791	0	color=(196,156,148)
Ga0004748_15	2512689	2513336	0	color=(196,156,148)
Ga0004748_15	1052644	1053144	0	color=(196,156,148)
Ga0004748_15	1992025	1992618	0	color=(196,156,148)
Ga0004748_13	258883	259361	0	color=(196,156,148)
Ga0004748_11	1041903	1042556	0	color=(196,156,148)
Ga0004748_15	1393138	1395282	0	color=(196,156,148)
Ga0004748_13	240582	241562	0	color=(196,156,148)
Ga0004748_11	1452234	1453670	0	color=(196,156,148)
Ga0004748_17	49558	49983	0	color=(196,156,148)
Ga0004748_11	475171	477237	0	color=(196,156,148)
Ga0004748_15	1516663	1517205	0	color=(196,156,148)
Ga0004748_13	283876	284850	0	color=(196,156,148)
Ga0004748_11	470102	470956	0	color=(196,156,148)
Ga0004748_15	179802	180812	0	color=(196,156,148)
Ga0004748_15	1374204	1375037	0	color=(227,119,194)
Ga0004748_11	549480	550799	0	color=(227,119,194)
Ga0004748_11	1702630	1703958	0	color=(227,119,194)
Ga0004748_15	1254465	1257170	0	color=(227,119,194)
Ga0004748_15	671236	672015	0	color=(227,119,194)
Ga0004748_11	412447	413679	0	color=(227,119,194)
Ga0004748_11	16747	18837	0	color=(227,119,194)
Ga0004748_15	2272410	2273768	0	color=(227,119,194)
Ga0004748_15	1599463	1600437	0	color=(227,119,194)
Ga0004748_11	786884	787609	0	color=(227,119,194)
Ga0004748_11	1910771	1911091	0	color=(227,119,194)
Ga0004748_15	1615009	1615890	0	color=(227,119,194)
Ga0004748_15	1984000	1984539	0	color=(227,119,194)
Ga0004748_11	547337	548188	0	color=(227,119,194)
Ga0004748_11	548391	549185	0	color=(227,119,194)
Ga0004748_11	670675	671673	0	color=(227,119,194)
Ga0004748_11	1865999	1866799	0	color=(227,119,194)
Ga0004748_11	1915046	1915672	0	color=(227,119,194)
Ga0004748_12	303080	304162	0	color=(227,119,194)
Ga0004748_15	1850987	1851550	0	color=(227,119,194)
Ga0004748_11	153572	154444	0	color=(227,119,194)
Ga0004748_11	98796	99110	0	color=(227,119,194)
Ga0004748_15	1186087	1186890	0	color=(227,119,194)
Ga0004748_11	123713	125710	0	color=(227,119,194)
Ga0004748_15	2347092	2348954	0	color=(227,119,194)
Ga0004748_12	300529	301320	0	color=(227,119,194)
Ga0004748_15	797855	799126	0	color=(227,119,194)
Ga0004748_15	1898764	1900752	0	color=(227,119,194)
Ga0004748_15	1209613	1210068	0	color=(227,119,194)
Ga0004748_15	1620454	1621779	0	color=(227,119,194)
Ga0004748_11	98449	98793	0	color=(227,119,194)
Ga0004748_11	1855091	1855942	0	color=(227,119,194)
Ga0004748_11	1378076	1379038	0	color=(227,119,194)
Ga0004748_12	231205	232125	0	color=(227,119,194)
Ga0004748_11	1431147	1432028	0	color=(227,119,194)
Ga0004748_11	827333	828496	0	color=(227,119,194)
Ga0004748_15	820531	821346	0	color=(227,119,194)
Ga0004748_12	71327	72199	0	color=(227,119,194)
Ga0004748_11	556868	558217	0	color=(227,119,194)
Ga0004748_15	1118533	1120641	0	color=(227,119,194)
Ga0004748_15	830168	831133	0	color=(227,119,194)
Ga0004748_15	1120750	1122318	0	color=(227,119,194)
Ga0004748_12	304199	306865	0	color=(227,119,194)
Ga0004748_15	469876	470271	0	color=(227,119,194)
Ga0004748_15	256419	257951	0	color=(227,119,194)
Ga0004748_12	23410	24222	0	color=(227,119,194)
Ga0004748_15	2034635	2035450	0	color=(227,119,194)
Ga0004748_12	319630	320685	0	color=(227,119,194)
Ga0004748_15	380582	381460	0	color=(227,119,194)
Ga0004748_12	189444	190298	0	color=(227,119,194)
Ga0004748_15	822416	824836	0	color=(227,119,194)
Ga0004748_11	644585	645196	0	color=(227,119,194)
Ga0004748_11	660946	662301	0	color=(227,119,194)
Ga0004748_15	1176688	1177494	0	color=(227,119,194)
Ga0004748_15	2462213	2463511	0	color=(227,119,194)
Ga0004748_12	203656	203979	0	color=(227,119,194)
Ga0004748_15	2056183	2056989	0	color=(227,119,194)
Ga0004748_11	166277	167746	0	color=(227,119,194)
Ga0004748_11	671685	672305	0	color=(227,119,194)
Ga0004748_11	1086882	1088516	0	color=(227,119,194)
Ga0004748_15	1318773	1319105	0	color=(227,119,194)
Ga0004748_15	1319107	1319421	0	color=(227,119,194)
Ga0004748_15	1720974	1722149	0	color=(227,119,194)
Ga0004748_11	1229803	1230579	0	color=(227,119,194)
Ga0004748_15	824932	825138	0	color=(227,119,194)
Ga0004748_15	2438899	2439837	0	color=(227,119,194)
Ga0004748_15	462760	462921	0	color=(227,119,194)
Ga0004748_15	1202785	1203747	0	color=(227,119,194)
Ga0004748_15	463194	464957	0	color=(227,119,194)
Ga0004748_15	1350675	1351787	0	color=(227,119,194)
Ga0004748_15	2023907	2024248	0	color=(227,119,194)
Ga0004748_11	1554596	1555708	0	color=(227,119,194)
Ga0004748_11	1084674	1086032	0	color=(227,119,194)
Ga0004748_15	2062005	2062370	0	color=(227,119,194)
Ga0004748_15	314586	317783	0	color=(227,119,194)
Ga0004748_15	1103211	1103984	0	color=(227,119,194)
Ga0004748_15	996019	998742	0	color=(227,119,194)
Ga0004748_11	643436	644572	0	color=(227,119,194)
Ga0004748_11	614831	616174	0	color=(227,119,194)
Ga0004748_15	1370091	1370702	0	color=(227,119,194)
Ga0004748_15	1373777	1374190	0	color=(227,119,194)
Ga0004748_16	10821	11078	0	color=(227,119,194)
Ga0004748_16	11075	11797	0	color=(227,119,194)
Ga0004748_15	2057060	2057872	0	color=(227,119,194)
Ga0004748_15	2507459	2508529	0	color=(227,119,194)
Ga0004748_15	2508748	2509374	0	color=(227,119,194)
Ga0004748_11	444836	445510	0	color=(227,119,194)
Ga0004748_15	2453304	2454125	0	color=(227,119,194)
Ga0004748_14	111951	112745	0	color=(227,119,194)
Ga0004748_16	26996	28825	0	color=(227,119,194)
Ga0004748_12	281173	282171	0	color=(227,119,194)
Ga0004748_15	2155046	2155627	0	color=(227,119,194)
Ga0004748_15	2111696	2112895	0	color=(227,119,194)
Ga0004748_11	1204810	1205751	0	color=(227,119,194)
Ga0004748_15	1804126	1805349	0	color=(227,119,194)
Ga0004748_15	2252271	2253452	0	color=(227,119,194)
Ga0004748_15	1351784	1352947	0	color=(227,119,194)
Ga0004748_15	524033	524941	0	color=(227,119,194)
Ga0004748_15	2464029	2465258	0	color=(227,119,194)
Ga0004748_13	303965	304813	0	color=(227,119,194)
Ga0004748_15	51331	52317	0	color=(227,119,194)
Ga0004748_15	1424976	1425488	0	color=(227,119,194)
Ga0004748_15	1433091	1434476	0	color=(227,119,194)
Ga0004748_16	76844	78295	0	color=(227,119,194)
Ga0004748_11	410716	412182	0	color=(227,119,194)
Ga0004748_11	908528	909427	0	color=(227,119,194)
Ga0004748_15	2155662	2156132	0	color=(227,119,194)
Ga0004748_15	2162396	2163412	0	color=(227,119,194)
Ga0004748_15	1452572	1453519	0	color=(227,119,194)
Ga0004748_15	1900749	1900976	0	color=(227,119,194)
Ga0004748_15	239091	240041	0	color=(227,119,194)
Ga0004748_11	7834	8835	0	color=(227,119,194)
Ga0004748_12	374423	374857	0	color=(227,119,194)
Ga0004748_15	1456896	1458029	0	color=(227,119,194)
Ga0004748_13	2694	4457	0	color=(227,119,194)
Ga0004748_11	686892	687806	0	color=(227,119,194)
Ga0004748_15	130351	132024	0	color=(227,119,194)
Ga0004748_15	67892	68563	0	color=(227,119,194)
Ga0004748_15	145663	147042	0	color=(227,119,194)
Ga0004748_11	15066	16733	0	color=(227,119,194)
Ga0004748_15	1495001	1495894	0	color=(227,119,194)
Ga0004748_11	18854	19435	0	color=(227,119,194)
Ga0004748_15	1506388	1507332	0	color=(227,119,194)
Ga0004748_16	118172	119140	0	color=(227,119,194)
Ga0004748_15	1773535	1774806	0	color=(227,119,194)
Ga0004748_12	309551	311476	0	color=(227,119,194)
Ga0004748_11	421339	422148	0	color=(227,119,194)
Ga0004748_11	444391	444786	0	color=(227,119,194)
Ga0004748_11	56502	58157	0	color=(227,119,194)
Ga0004748_11	1503052	1503789	0	color=(227,119,194)
Ga0004748_16	138413	140779	0	color=(227,119,194)
Ga0004748_11	1018494	1019789	0	color=(227,119,194)
Ga0004748_16	37056	38357	0	color=(227,119,194)
Ga0004748_11	74642	75958	0	color=(227,119,194)
Ga0004748_11	76176	76745	0	color=(227,119,194)
Ga0004748_15	203641	204318	0	color=(227,119,194)
Ga0004748_16	11775	13175	0	color=(227,119,194)
Ga0004748_11	1217194	1218540	0	color=(227,119,194)
Ga0004748_11	86791	87978	0	color=(227,119,194)
Ga0004748_13	108431	109756	0	color=(227,119,194)
