Ga0004748_12	1319	2874	0	color=(228,26,28)
Ga0004748_12	3016	5939	0	color=(228,26,28)
Ga0004748_12	6031	6146	0	color=(228,26,28)
Ga0004748_12	94597	96152	0	color=(228,26,28)
Ga0004748_12	96294	99217	0	color=(228,26,28)
Ga0004748_12	99268	99383	0	color=(228,26,28)
Ga0004748_12	115183	116738	0	color=(228,26,28)
Ga0004748_12	116880	119803	0	color=(228,26,28)
Ga0004748_12	119854	119969	0	color=(228,26,28)
Ga0004748_12	122416	123971	0	color=(228,26,28)
Ga0004748_12	124113	127036	0	color=(228,26,28)
Ga0004748_12	127086	127201	0	color=(228,26,28)
Ga0004748_12	132811	134366	0	color=(228,26,28)
Ga0004748_12	134508	137431	0	color=(228,26,28)
Ga0004748_12	137481	137596	0	color=(228,26,28)
Ga0004748_12	146130	147685	0	color=(228,26,28)
Ga0004748_12	147827	150750	0	color=(228,26,28)
Ga0004748_12	150800	150915	0	color=(228,26,28)
Ga0004748_12	153281	154836	0	color=(228,26,28)
Ga0004748_12	154978	157901	0	color=(228,26,28)
Ga0004748_12	157951	158066	0	color=(228,26,28)
Ga0004748_12	376301	377856	0	color=(228,26,28)
Ga0004748_12	377998	380624	0	color=(228,26,28)
Ga0004748_14	1	2779	0	color=(228,26,28)
Ga0004748_14	2830	2945	0	color=(228,26,28)
Ga0004748_14	51219	52774	0	color=(228,26,28)
Ga0004748_14	52916	55839	0	color=(228,26,28)
Ga0004748_14	55944	56059	0	color=(228,26,28)
Ga0004748_14	56931	58486	0	color=(228,26,28)
Ga0004748_14	58628	61551	0	color=(228,26,28)
Ga0004748_14	61601	61716	0	color=(228,26,28)
Ga0004748_14	120119	121674	0	color=(228,26,28)
Ga0004748_14	121816	124739	0	color=(228,26,28)
Ga0004748_14	124842	124957	0	color=(228,26,28)
Ga0004748_15	1968329	1968444	0	color=(55,126,184)
Ga0004748_15	1968546	1971468	0	color=(55,126,184)
Ga0004748_15	1971612	1973167	0	color=(55,126,184)
Ga0004748_15	2561476	2563031	0	color=(228,26,28)
Ga0004748_15	2563398	2566320	0	color=(228,26,28)
Ga0004748_15	2566370	2566485	0	color=(228,26,28)
Ga0004748_16	1	1479	0	color=(151,149,26)
Ga0004748_16	1623	3178	0	color=(151,149,26)
Ga0004748_16	211216	211331	0	color=(151,149,26)
Ga0004748_16	211434	212980	0	color=(151,149,26)
Ga0004748_11	102	175	0	color=(77,175,74)
Ga0004748_11	186	259	0	color=(77,175,74)
Ga0004748_11	275	347	0	color=(77,175,74)
Ga0004748_11	368	460	0	color=(77,175,74)
Ga0004748_11	514	606	0	color=(77,175,74)
Ga0004748_11	626	703	0	color=(77,175,74)
Ga0004748_11	707	782	0	color=(77,175,74)
Ga0004748_11	791	866	0	color=(77,175,74)
Ga0004748_11	877	952	0	color=(77,175,74)
Ga0004748_11	956	1026	0	color=(77,175,74)
Ga0004748_11	1037	1113	0	color=(77,175,74)
Ga0004748_11	1122	1196	0	color=(77,175,74)
Ga0004748_11	1198	1269	0	color=(77,175,74)
Ga0004748_11	512385	512457	0	color=(255,127,0)
Ga0004748_12	6156	6230	0	color=(77,175,74)
Ga0004748_12	6235	6307	0	color=(77,175,74)
Ga0004748_12	6329	6403	0	color=(77,175,74)
Ga0004748_12	6409	6484	0	color=(77,175,74)
Ga0004748_12	6501	6584	0	color=(77,175,74)
Ga0004748_12	6650	6724	0	color=(77,175,74)
Ga0004748_12	6730	6805	0	color=(77,175,74)
Ga0004748_12	6811	6882	0	color=(77,175,74)
Ga0004748_12	6893	6965	0	color=(77,175,74)
Ga0004748_12	93343	93417	0	color=(77,175,74)
Ga0004748_12	93421	93511	0	color=(77,175,74)
Ga0004748_12	93520	93594	0	color=(77,175,74)
Ga0004748_12	93599	93674	0	color=(77,175,74)
Ga0004748_12	93701	93777	0	color=(77,175,74)
Ga0004748_12	93781	93856	0	color=(77,175,74)
Ga0004748_12	93943	94017	0	color=(77,175,74)
Ga0004748_12	94023	94095	0	color=(77,175,74)
Ga0004748_12	94113	94198	0	color=(77,175,74)
Ga0004748_12	94292	94368	0	color=(77,175,74)
Ga0004748_12	94373	94449	0	color=(77,175,74)
Ga0004748_12	94451	94521	0	color=(77,175,74)
Ga0004748_12	99396	99472	0	color=(77,175,74)
Ga0004748_12	99476	99551	0	color=(77,175,74)
Ga0004748_14	33201	33274	0	color=(77,175,74)
Ga0004748_14	33288	33359	0	color=(77,175,74)
Ga0004748_14	56064	56139	0	color=(77,175,74)
Ga0004748_14	56144	56219	0	color=(77,175,74)
Ga0004748_14	56233	56308	0	color=(77,175,74)
Ga0004748_14	56323	56403	0	color=(77,175,74)
Ga0004748_14	56433	56507	0	color=(77,175,74)
Ga0004748_14	56524	56612	0	color=(77,175,74)
Ga0004748_14	56616	56689	0	color=(77,175,74)
Ga0004748_14	56698	56771	0	color=(77,175,74)
Ga0004748_14	56781	56856	0	color=(77,175,74)
Ga0004748_14	124963	125038	0	color=(77,175,74)
Ga0004748_14	125047	125130	0	color=(77,175,74)
Ga0004748_14	125142	125216	0	color=(77,175,74)
Ga0004748_14	125221	125296	0	color=(77,175,74)
Ga0004748_14	125312	125392	0	color=(77,175,74)
Ga0004748_14	125422	125496	0	color=(77,175,74)
Ga0004748_14	125513	125601	0	color=(77,175,74)
Ga0004748_14	125605	125678	0	color=(77,175,74)
Ga0004748_14	125689	125762	0	color=(77,175,74)
Ga0004748_14	125778	125850	0	color=(77,175,74)
Ga0004748_14	125871	125963	0	color=(77,175,74)
Ga0004748_14	126017	126109	0	color=(77,175,74)
Ga0004748_14	126129	126205	0	color=(77,175,74)
Ga0004748_14	126209	126284	0	color=(77,175,74)
Ga0004748_14	126293	126368	0	color=(77,175,74)
Ga0004748_14	126379	126454	0	color=(77,175,74)
Ga0004748_14	126458	126528	0	color=(77,175,74)
Ga0004748_14	126539	126615	0	color=(77,175,74)
Ga0004748_14	126625	126699	0	color=(77,175,74)
Ga0004748_14	126701	126772	0	color=(77,175,74)
Ga0004748_15	1370924	1370997	0	color=(255,127,0)
Ga0004748_15	1564666	1564742	0	color=(255,127,0)
Ga0004748_15	1564744	1564817	0	color=(255,127,0)
Ga0004748_15	1966361	1966432	0	color=(255,127,0)
Ga0004748_15	1966439	1966529	0	color=(255,127,0)
Ga0004748_15	1966536	1966610	0	color=(255,127,0)
Ga0004748_15	1966618	1966694	0	color=(255,127,0)
Ga0004748_15	1966705	1966775	0	color=(255,127,0)
Ga0004748_15	1966789	1966864	0	color=(255,127,0)
Ga0004748_15	1966875	1966950	0	color=(255,127,0)
Ga0004748_15	1966965	1967040	0	color=(255,127,0)
Ga0004748_15	1967050	1967125	0	color=(255,127,0)
Ga0004748_15	1967129	1967205	0	color=(255,127,0)
Ga0004748_15	1967234	1967326	0	color=(255,127,0)
Ga0004748_15	1967344	1967420	0	color=(255,127,0)
Ga0004748_15	1967425	1967501	0	color=(255,127,0)
Ga0004748_15	1967522	1967594	0	color=(255,127,0)
Ga0004748_15	1967610	1967683	0	color=(255,127,0)
Ga0004748_15	1967694	1967767	0	color=(255,127,0)
Ga0004748_15	1967771	1967859	0	color=(255,127,0)
Ga0004748_15	1967876	1967950	0	color=(255,127,0)
Ga0004748_15	1967980	1968060	0	color=(255,127,0)
Ga0004748_15	1968083	1968158	0	color=(255,127,0)
Ga0004748_15	1968169	1968244	0	color=(255,127,0)
Ga0004748_15	1968249	1968324	0	color=(255,127,0)
Ga0004748_15	2189047	2189122	0	color=(255,127,0)
Ga0004748_15	2531551	2531623	0	color=(255,127,0)
Ga0004748_15	2531665	2531740	0	color=(255,127,0)
Ga0004748_15	2531762	2531833	0	color=(255,127,0)
Ga0004748_15	2531847	2531922	0	color=(255,127,0)
Ga0004748_15	2563160	2563236	0	color=(77,175,74)
Ga0004748_15	2563245	2563320	0	color=(77,175,74)
Ga0004748_16	205366	205439	0	color=(255,127,0)
Ga0004748_16	209838	209922	0	color=(255,127,0)
Ga0004748_16	209933	210003	0	color=(255,127,0)
Ga0004748_16	210018	210092	0	color=(255,127,0)
Ga0004748_16	210098	210172	0	color=(255,127,0)
Ga0004748_16	210236	210311	0	color=(255,127,0)
Ga0004748_16	210331	210404	0	color=(255,127,0)
Ga0004748_16	210412	210495	0	color=(255,127,0)
Ga0004748_16	210506	210581	0	color=(255,127,0)
Ga0004748_16	210600	210675	0	color=(255,127,0)
Ga0004748_16	210685	210760	0	color=(255,127,0)
Ga0004748_16	210764	210840	0	color=(255,127,0)
Ga0004748_16	210867	210942	0	color=(255,127,0)
Ga0004748_16	210947	211021	0	color=(255,127,0)
Ga0004748_16	211039	211130	0	color=(255,127,0)
Ga0004748_16	211133	211207	0	color=(255,127,0)
Ga0004748_11	79479	79585	0	color=(247,129,191)
Ga0004748_11	320983	321075	0	color=(247,129,191)
Ga0004748_11	451788	451908	0	color=(247,129,191)
Ga0004748_11	549313	549441	0	color=(153,153,153)
Ga0004748_11	617585	617664	0	color=(153,153,153)
Ga0004748_11	748894	748990	0	color=(247,129,191)
Ga0004748_11	766502	766892	0	color=(247,129,191)
Ga0004748_11	783262	783444	0	color=(247,129,191)
Ga0004748_11	783466	783649	0	color=(247,129,191)
Ga0004748_11	786383	786548	0	color=(247,129,191)
Ga0004748_11	1701499	1701675	0	color=(153,153,153)
Ga0004748_11	1702183	1702348	0	color=(247,129,191)
Ga0004748_11	1819667	1820035	0	color=(153,153,153)
Ga0004748_11	2034842	2034903	0	color=(153,153,153)
Ga0004748_12	13361	13516	0	color=(247,129,191)
Ga0004748_12	274176	274260	0	color=(247,129,191)
Ga0004748_13	123240	123326	0	color=(247,129,191)
Ga0004748_14	80821	80964	0	color=(247,129,191)
Ga0004748_15	188576	188662	0	color=(247,129,191)
Ga0004748_15	754395	754481	0	color=(247,129,191)
Ga0004748_15	962632	962675	0	color=(153,153,153)
Ga0004748_15	1059082	1059198	0	color=(153,153,153)
Ga0004748_15	1253962	1254129	0	color=(247,129,191)
Ga0004748_15	1267090	1267189	0	color=(153,153,153)
Ga0004748_15	1508029	1508139	0	color=(153,153,153)
Ga0004748_15	1528563	1528640	0	color=(153,153,153)
Ga0004748_15	1646200	1646320	0	color=(153,153,153)
Ga0004748_15	1834722	1834810	0	color=(153,153,153)
Ga0004748_15	1834882	1834970	0	color=(153,153,153)
Ga0004748_15	1835042	1835130	0	color=(153,153,153)
Ga0004748_15	2144528	2144587	0	color=(247,129,191)
Ga0004748_15	2166912	2167266	0	color=(153,153,153)
Ga0004748_15	2331599	2331723	0	color=(153,153,153)
