Ga0004748_15	2462213	2463511	0	color=(31,119,180)
Ga0004748_15	345231	346313	0	color=(31,119,180)
Ga0004748_15	902182	903414	0	color=(31,119,180)
Ga0004748_12	226945	227988	0	color=(31,119,180)
Ga0004748_11	987513	987743	0	color=(31,119,180)
Ga0004748_11	987758	988765	0	color=(31,119,180)
Ga0004748_11	988812	990485	0	color=(31,119,180)
Ga0004748_11	990517	991779	0	color=(31,119,180)
Ga0004748_15	1109516	1110238	0	color=(31,119,180)
Ga0004748_15	1419344	1420171	0	color=(31,119,180)
Ga0004748_13	16217	17218	0	color=(31,119,180)
Ga0004748_12	251843	252292	0	color=(31,119,180)
Ga0004748_15	1128926	1131214	0	color=(31,119,180)
Ga0004748_11	618707	619603	0	color=(31,119,180)
Ga0004748_12	253824	254822	0	color=(31,119,180)
Ga0004748_11	619919	621619	0	color=(31,119,180)
Ga0004748_11	621616	622125	0	color=(31,119,180)
Ga0004748_11	622152	623162	0	color=(31,119,180)
Ga0004748_11	623164	624684	0	color=(31,119,180)
Ga0004748_11	624762	625826	0	color=(31,119,180)
Ga0004748_11	625826	627220	0	color=(31,119,180)
Ga0004748_11	627198	627779	0	color=(31,119,180)
Ga0004748_11	731366	732478	0	color=(31,119,180)
Ga0004748_11	629329	629964	0	color=(31,119,180)
Ga0004748_11	629976	631265	0	color=(31,119,180)
Ga0004748_11	631850	632479	0	color=(31,119,180)
Ga0004748_11	632452	633171	0	color=(31,119,180)
Ga0004748_15	1423017	1423850	0	color=(31,119,180)
Ga0004748_11	634236	634559	0	color=(31,119,180)
Ga0004748_11	635969	636940	0	color=(31,119,180)
Ga0004748_15	1741662	1742617	0	color=(31,119,180)
Ga0004748_11	640849	642165	0	color=(31,119,180)
Ga0004748_14	73713	74378	0	color=(31,119,180)
Ga0004748_11	956103	957086	0	color=(31,119,180)
Ga0004748_15	1458033	1458956	0	color=(31,119,180)
Ga0004748_11	958626	959855	0	color=(31,119,180)
Ga0004748_12	44574	45377	0	color=(31,119,180)
Ga0004748_11	407663	409510	0	color=(31,119,180)
Ga0004748_15	1288557	1289006	0	color=(31,119,180)
Ga0004748_11	972876	973793	0	color=(31,119,180)
Ga0004748_13	25985	26434	0	color=(31,119,180)
Ga0004748_15	795909	797243	0	color=(31,119,180)
Ga0004748_15	901292	902170	0	color=(31,119,180)
Ga0004748_11	984879	985778	0	color=(31,119,180)
Ga0004748_11	985801	987516	0	color=(31,119,180)
Ga0004748_15	1792212	1793336	0	color=(31,119,180)
Ga0004748_11	728976	730148	0	color=(31,119,180)
Ga0004748_11	730148	731233	0	color=(31,119,180)
Ga0004748_15	116103	117206	0	color=(31,119,180)
Ga0004748_15	117897	118715	0	color=(31,119,180)
Ga0004748_15	1244105	1245328	0	color=(31,119,180)
Ga0004748_11	742790	743590	0	color=(31,119,180)
Ga0004748_11	2055094	2055990	0	color=(31,119,180)
Ga0004748_15	1344857	1348255	0	color=(31,119,180)
Ga0004748_15	2019009	2019875	0	color=(31,119,180)
Ga0004748_11	483782	485200	0	color=(31,119,180)
Ga0004748_11	485781	486806	0	color=(31,119,180)
Ga0004748_11	488177	489370	0	color=(31,119,180)
Ga0004748_11	489374	490150	0	color=(31,119,180)
Ga0004748_11	1671501	1673327	0	color=(31,119,180)
Ga0004748_13	296303	297304	0	color=(31,119,180)
Ga0004748_15	1248742	1249581	0	color=(31,119,180)
Ga0004748_11	1140635	1141693	0	color=(31,119,180)
Ga0004748_14	43443	44840	0	color=(31,119,180)
Ga0004748_11	628091	629353	0	color=(31,119,180)
Ga0004748_15	80899	81999	0	color=(31,119,180)
Ga0004748_11	1529535	1530578	0	color=(31,119,180)
Ga0004748_15	1245339	1246376	0	color=(31,119,180)
Ga0004748_11	633165	633923	0	color=(31,119,180)
Ga0004748_11	1564858	1565859	0	color=(31,119,180)
Ga0004748_15	1156904	1157965	0	color=(31,119,180)
Ga0004748_15	83473	84549	0	color=(31,119,180)
Ga0004748_15	903438	904484	0	color=(31,119,180)
Ga0004748_15	1241206	1242156	0	color=(31,119,180)
Ga0004748_15	2461324	2462229	0	color=(31,119,180)
Ga0004748_11	903445	905274	0	color=(31,119,180)
Ga0004748_11	1141690	1142583	0	color=(31,119,180)
Ga0004748_15	653945	655453	0	color=(31,119,180)
Ga0004748_15	78500	79789	0	color=(31,119,180)
Ga0004748_15	1163635	1164273	0	color=(31,119,180)
Ga0004748_11	1374013	1375914	0	color=(31,119,180)
Ga0004748_15	1161738	1162982	0	color=(31,119,180)
Ga0004748_11	1641041	1641859	0	color=(31,119,180)
Ga0004748_15	1162979	1163638	0	color=(31,119,180)
Ga0004748_15	82018	83190	0	color=(31,119,180)
Ga0004748_15	114839	116086	0	color=(31,119,180)
Ga0004748_15	1307600	1308040	0	color=(31,119,180)
Ga0004748_14	42297	43220	0	color=(31,119,180)
Ga0004748_15	1697836	1699041	0	color=(31,119,180)
Ga0004748_15	1243326	1244093	0	color=(31,119,180)
Ga0004748_15	1696451	1697839	0	color=(31,119,180)
Ga0004748_11	163181	164737	0	color=(174,199,232)
Ga0004748_11	161435	162922	0	color=(174,199,232)
Ga0004748_11	749098	749934	0	color=(174,199,232)
Ga0004748_12	369139	370437	0	color=(174,199,232)
Ga0004748_11	1770273	1771199	0	color=(174,199,232)
Ga0004748_15	1223979	1225091	0	color=(174,199,232)
Ga0004748_11	1023068	1024012	0	color=(174,199,232)
Ga0004748_15	1225730	1226923	0	color=(174,199,232)
Ga0004748_15	992489	993694	0	color=(174,199,232)
Ga0004748_15	1784036	1784521	0	color=(174,199,232)
Ga0004748_15	1781481	1781714	0	color=(174,199,232)
Ga0004748_15	39720	40541	0	color=(174,199,232)
Ga0004748_15	520251	520913	0	color=(174,199,232)
Ga0004748_15	1940343	1941161	0	color=(174,199,232)
Ga0004748_11	749934	750782	0	color=(174,199,232)
Ga0004748_11	744713	745858	0	color=(174,199,232)
Ga0004748_11	648771	649385	0	color=(174,199,232)
Ga0004748_15	1782178	1782699	0	color=(174,199,232)
Ga0004748_15	1942039	1943793	0	color=(174,199,232)
Ga0004748_15	1785589	1786602	0	color=(174,199,232)
Ga0004748_11	697655	698236	0	color=(174,199,232)
Ga0004748_15	1655314	1655916	0	color=(174,199,232)
Ga0004748_15	1548467	1549396	0	color=(174,199,232)
Ga0004748_11	1290440	1291147	0	color=(174,199,232)
Ga0004748_15	1943790	1945184	0	color=(174,199,232)
Ga0004748_15	1372585	1373697	0	color=(174,199,232)
Ga0004748_11	12588	13400	0	color=(174,199,232)
Ga0004748_11	8846	9466	0	color=(174,199,232)
Ga0004748_15	1289992	1291884	0	color=(174,199,232)
Ga0004748_15	1545419	1546705	0	color=(174,199,232)
Ga0004748_15	1713209	1714423	0	color=(174,199,232)
Ga0004748_15	1230441	1231628	0	color=(174,199,232)
Ga0004748_14	70461	71141	0	color=(174,199,232)
Ga0004748_14	71258	71734	0	color=(174,199,232)
Ga0004748_16	112942	114132	0	color=(174,199,232)
Ga0004748_11	727178	728140	0	color=(174,199,232)
Ga0004748_15	1941230	1942042	0	color=(174,199,232)
Ga0004748_15	264513	265424	0	color=(174,199,232)
Ga0004748_15	672206	673222	0	color=(174,199,232)
Ga0004748_11	1522289	1523680	0	color=(174,199,232)
Ga0004748_16	136746	138209	0	color=(174,199,232)
Ga0004748_11	409697	410656	0	color=(174,199,232)
Ga0004748_15	1057705	1058196	0	color=(174,199,232)
Ga0004748_14	16873	17751	0	color=(174,199,232)
Ga0004748_15	1513839	1515368	0	color=(174,199,232)
Ga0004748_15	1550263	1551597	0	color=(174,199,232)
Ga0004748_11	1284837	1285310	0	color=(174,199,232)
Ga0004748_11	1286010	1287434	0	color=(174,199,232)
Ga0004748_11	11553	12572	0	color=(174,199,232)
Ga0004748_11	750795	751178	0	color=(174,199,232)
Ga0004748_15	1938645	1940090	0	color=(174,199,232)
Ga0004748_15	1937538	1938644	0	color=(174,199,232)
Ga0004748_11	647263	648039	0	color=(174,199,232)
Ga0004748_15	1945379	1946332	0	color=(174,199,232)
Ga0004748_15	2273870	2275630	0	color=(174,199,232)
Ga0004748_15	1538708	1540009	0	color=(174,199,232)
Ga0004748_15	2055159	2055944	0	color=(174,199,232)
Ga0004748_12	216839	217948	0	color=(174,199,232)
Ga0004748_11	1276907	1277920	0	color=(174,199,232)
Ga0004748_15	1512986	1513819	0	color=(174,199,232)
Ga0004748_11	1470282	1471481	0	color=(174,199,232)
Ga0004748_15	668184	668420	0	color=(174,199,232)
Ga0004748_15	980948	981628	0	color=(174,199,232)
Ga0004748_15	1070057	1070980	0	color=(174,199,232)
Ga0004748_15	417284	418441	0	color=(174,199,232)
Ga0004748_15	2045526	2046422	0	color=(174,199,232)
Ga0004748_15	1225073	1225717	0	color=(174,199,232)
Ga0004748_15	2053851	2055143	0	color=(174,199,232)
Ga0004748_11	10584	10787	0	color=(174,199,232)
Ga0004748_11	715206	716255	0	color=(174,199,232)
Ga0004748_15	1228929	1229738	0	color=(174,199,232)
Ga0004748_15	928235	929206	0	color=(174,199,232)
Ga0004748_15	2052631	2053851	0	color=(174,199,232)
Ga0004748_11	726426	727139	0	color=(174,199,232)
Ga0004748_11	9459	10568	0	color=(174,199,232)
Ga0004748_15	1232322	1233755	0	color=(174,199,232)
Ga0004748_15	1408468	1409607	0	color=(174,199,232)
Ga0004748_11	1169342	1170160	0	color=(174,199,232)
Ga0004748_11	744012	744716	0	color=(174,199,232)
Ga0004748_15	1050083	1050967	0	color=(174,199,232)
Ga0004748_15	1582249	1583076	0	color=(174,199,232)
Ga0004748_11	724900	725469	0	color=(174,199,232)
Ga0004748_11	1280795	1281028	0	color=(174,199,232)
Ga0004748_14	47494	48009	0	color=(174,199,232)
Ga0004748_15	2018614	2018967	0	color=(174,199,232)
Ga0004748_15	1048387	1050003	0	color=(174,199,232)
Ga0004748_15	2050764	2052161	0	color=(174,199,232)
Ga0004748_15	1231594	1232322	0	color=(174,199,232)
Ga0004748_12	271804	272463	0	color=(174,199,232)
Ga0004748_11	340502	341923	0	color=(174,199,232)
Ga0004748_15	2470033	2470857	0	color=(174,199,232)
Ga0004748_14	47135	47497	0	color=(174,199,232)
Ga0004748_11	338486	339532	0	color=(174,199,232)
Ga0004748_15	1422010	1422579	0	color=(174,199,232)
Ga0004748_15	943015	944157	0	color=(174,199,232)
Ga0004748_15	1227929	1228927	0	color=(174,199,232)
Ga0004748_15	1380674	1381624	0	color=(174,199,232)
Ga0004748_14	40522	41310	0	color=(174,199,232)
Ga0004748_13	79428	80015	0	color=(174,199,232)
Ga0004748_16	53592	54644	0	color=(174,199,232)
Ga0004748_15	1226942	1227403	0	color=(174,199,232)
Ga0004748_15	657837	659270	0	color=(174,199,232)
Ga0004748_12	45564	46214	0	color=(174,199,232)
Ga0004748_12	270980	271789	0	color=(174,199,232)
Ga0004748_14	46274	47134	0	color=(174,199,232)
Ga0004748_11	339547	340482	0	color=(174,199,232)
Ga0004748_15	2052210	2052641	0	color=(174,199,232)
Ga0004748_15	1511849	1512955	0	color=(174,199,232)
Ga0004748_11	609619	610410	0	color=(255,127,14)
Ga0004748_11	599772	600938	0	color=(255,127,14)
Ga0004748_14	19912	21291	0	color=(255,127,14)
Ga0004748_15	1082223	1083401	0	color=(255,127,14)
Ga0004748_15	11577	12329	0	color=(255,127,14)
Ga0004748_15	1992664	1993551	0	color=(255,127,14)
Ga0004748_11	1233243	1234469	0	color=(255,127,14)
Ga0004748_11	1794279	1795193	0	color=(255,127,14)
Ga0004748_15	2476892	2477632	0	color=(255,127,14)
Ga0004748_16	193500	196391	0	color=(255,127,14)
Ga0004748_15	382374	384314	0	color=(255,127,14)
Ga0004748_11	600935	602449	0	color=(255,127,14)
Ga0004748_11	599464	599703	0	color=(255,127,14)
Ga0004748_11	232180	232767	0	color=(255,127,14)
Ga0004748_15	2243542	2244657	0	color=(255,127,14)
Ga0004748_11	169741	170829	0	color=(255,127,14)
Ga0004748_11	232824	233486	0	color=(255,127,14)
Ga0004748_11	1748471	1750708	0	color=(255,127,14)
Ga0004748_15	589361	590110	0	color=(255,127,14)
Ga0004748_15	593268	594356	0	color=(255,127,14)
Ga0004748_15	1042539	1044455	0	color=(255,127,14)
Ga0004748_15	1534882	1535901	0	color=(255,127,14)
Ga0004748_11	1932034	1932813	0	color=(255,127,14)
Ga0004748_11	467811	468548	0	color=(255,127,14)
Ga0004748_15	1533429	1533974	0	color=(255,127,14)
Ga0004748_15	1236254	1238545	0	color=(255,127,14)
Ga0004748_15	1343780	1344838	0	color=(255,127,14)
Ga0004748_12	88044	89213	0	color=(255,127,14)
Ga0004748_15	2056183	2056989	0	color=(255,127,14)
Ga0004748_15	2330609	2331529	0	color=(255,127,14)
Ga0004748_11	1747460	1748308	0	color=(255,127,14)
Ga0004748_15	1533989	1534840	0	color=(255,127,14)
Ga0004748_15	435113	435880	0	color=(255,127,14)
Ga0004748_12	11875	13221	0	color=(255,127,14)
Ga0004748_15	2139803	2140720	0	color=(255,127,14)
Ga0004748_16	64290	65186	0	color=(255,127,14)
Ga0004748_11	1745726	1747417	0	color=(255,127,14)
Ga0004748_12	13709	15511	0	color=(255,127,14)
Ga0004748_15	1749297	1750607	0	color=(255,127,14)
Ga0004748_17	74609	75147	0	color=(255,127,14)
Ga0004748_15	2057060	2057872	0	color=(255,127,14)
Ga0004748_13	85199	86065	0	color=(255,127,14)
Ga0004748_15	330478	331590	0	color=(255,127,14)
Ga0004748_11	1445760	1448258	0	color=(255,127,14)
Ga0004748_14	115165	115878	0	color=(255,127,14)
Ga0004748_15	435882	436937	0	color=(255,127,14)
Ga0004748_15	841950	843014	0	color=(255,127,14)
Ga0004748_11	1740923	1743604	0	color=(255,127,14)
Ga0004748_15	2383784	2385073	0	color=(255,127,14)
Ga0004748_12	324975	325757	0	color=(255,127,14)
Ga0004748_12	81474	82850	0	color=(255,127,14)
Ga0004748_12	296310	297380	0	color=(255,127,14)
Ga0004748_11	468557	469102	0	color=(255,127,14)
Ga0004748_11	672617	674659	0	color=(255,127,14)
Ga0004748_16	45372	46184	0	color=(255,127,14)
Ga0004748_15	1038528	1039880	0	color=(255,127,14)
Ga0004748_13	83654	84610	0	color=(255,127,14)
Ga0004748_11	470102	470956	0	color=(255,127,14)
Ga0004748_15	1035029	1035934	0	color=(255,127,14)
Ga0004748_12	80325	81410	0	color=(255,127,14)
Ga0004748_15	1568165	1568974	0	color=(255,127,14)
Ga0004748_17	136	552	0	color=(255,127,14)
Ga0004748_12	189444	190298	0	color=(255,127,14)
Ga0004748_15	944990	945766	0	color=(255,127,14)
Ga0004748_15	2433817	2435868	0	color=(255,127,14)
Ga0004748_13	337283	337492	0	color=(255,127,14)
Ga0004748_15	1039881	1040855	0	color=(255,127,14)
Ga0004748_11	321135	328535	0	color=(255,127,14)
Ga0004748_12	128074	128871	0	color=(255,127,14)
Ga0004748_15	1040878	1042353	0	color=(255,127,14)
Ga0004748_11	336191	338308	0	color=(255,127,14)
Ga0004748_15	2002564	2011341	0	color=(255,127,14)
Ga0004748_13	20097	22622	0	color=(255,127,14)
Ga0004748_11	758291	760984	0	color=(255,127,14)
Ga0004748_15	1037346	1038437	0	color=(255,127,14)
Ga0004748_11	1322196	1323560	0	color=(255,127,14)
Ga0004748_15	622605	625886	0	color=(255,127,14)
Ga0004748_13	82760	83608	0	color=(255,127,14)
Ga0004748_15	1036148	1037317	0	color=(255,127,14)
Ga0004748_13	84607	85173	0	color=(255,127,14)
Ga0004748_11	89466	90350	0	color=(255,127,14)
Ga0004748_15	1904812	1905432	0	color=(255,127,14)
Ga0004748_15	1334575	1335045	0	color=(255,127,14)
Ga0004748_15	1612441	1613205	0	color=(255,127,14)
Ga0004748_15	1905522	1906013	0	color=(255,127,14)
Ga0004748_15	2341532	2342836	0	color=(255,127,14)
Ga0004748_15	1335762	1336061	0	color=(255,127,14)
Ga0004748_15	2410965	2420645	0	color=(255,127,14)
Ga0004748_11	469118	470089	0	color=(255,127,14)
Ga0004748_15	2334381	2335382	0	color=(255,127,14)
Ga0004748_12	23410	24222	0	color=(255,127,14)
Ga0004748_15	1335310	1335765	0	color=(255,127,14)
Ga0004748_16	41246	41878	0	color=(255,127,14)
Ga0004748_11	1988704	1990044	0	color=(255,187,120)
Ga0004748_11	1988081	1988677	0	color=(255,187,120)
Ga0004748_11	1797401	1797730	0	color=(255,187,120)
Ga0004748_15	726708	726857	0	color=(255,187,120)
Ga0004748_15	1193784	1194542	0	color=(255,187,120)
Ga0004748_15	922799	923050	0	color=(255,187,120)
Ga0004748_11	1696685	1697713	0	color=(255,187,120)
Ga0004748_15	1302494	1302790	0	color=(255,187,120)
Ga0004748_15	921726	922628	0	color=(255,187,120)
Ga0004748_15	1285136	1286434	0	color=(255,187,120)
Ga0004748_11	854769	855137	0	color=(255,187,120)
Ga0004748_15	1483286	1483927	0	color=(255,187,120)
Ga0004748_11	26433	27083	0	color=(255,187,120)
Ga0004748_15	500673	501959	0	color=(255,187,120)
Ga0004748_11	1237372	1238580	0	color=(255,187,120)
Ga0004748_15	1775091	1776530	0	color=(255,187,120)
Ga0004748_13	286751	288157	0	color=(255,187,120)
Ga0004748_15	1636596	1636805	0	color=(255,187,120)
Ga0004748_15	967576	971145	0	color=(255,187,120)
Ga0004748_15	1210176	1210823	0	color=(255,187,120)
Ga0004748_11	965229	966977	0	color=(255,187,120)
Ga0004748_11	367036	368046	0	color=(255,187,120)
Ga0004748_11	1481440	1482870	0	color=(255,187,120)
Ga0004748_15	1738373	1738771	0	color=(255,187,120)
Ga0004748_16	196520	197695	0	color=(255,187,120)
Ga0004748_15	488315	489037	0	color=(255,187,120)
Ga0004748_11	228748	230223	0	color=(255,187,120)
Ga0004748_15	1427155	1427868	0	color=(255,187,120)
Ga0004748_15	1082223	1083401	0	color=(255,187,120)
Ga0004748_15	617745	618983	0	color=(255,187,120)
Ga0004748_12	334929	335540	0	color=(255,187,120)
Ga0004748_11	1911754	1912014	0	color=(255,187,120)
Ga0004748_15	1552468	1552884	0	color=(255,187,120)
Ga0004748_11	1220150	1221304	0	color=(255,187,120)
Ga0004748_15	1531907	1532704	0	color=(255,187,120)
Ga0004748_12	224547	225110	0	color=(255,187,120)
Ga0004748_11	851144	852442	0	color=(255,187,120)
Ga0004748_15	1181357	1181929	0	color=(255,187,120)
Ga0004748_15	1028405	1029274	0	color=(255,187,120)
Ga0004748_15	924514	925413	0	color=(255,187,120)
Ga0004748_15	1194996	1195346	0	color=(255,187,120)
Ga0004748_15	1556025	1557695	0	color=(255,187,120)
Ga0004748_16	120908	121087	0	color=(255,187,120)
Ga0004748_15	478665	479564	0	color=(255,187,120)
Ga0004748_15	1412560	1413663	0	color=(255,187,120)
Ga0004748_15	2340304	2341323	0	color=(255,187,120)
Ga0004748_15	248763	250286	0	color=(255,187,120)
Ga0004748_14	38376	40277	0	color=(255,187,120)
Ga0004748_16	66309	67922	0	color=(255,187,120)
Ga0004748_15	1415710	1418031	0	color=(255,187,120)
Ga0004748_12	356519	356677	0	color=(255,187,120)
Ga0004748_15	21252	22787	0	color=(255,187,120)
Ga0004748_15	1639517	1641316	0	color=(255,187,120)
Ga0004748_15	266134	267174	0	color=(255,187,120)
Ga0004748_11	502890	504809	0	color=(255,187,120)
Ga0004748_15	1027958	1028239	0	color=(255,187,120)
Ga0004748_16	13387	14553	0	color=(255,187,120)
Ga0004748_15	680879	682015	0	color=(255,187,120)
Ga0004748_15	586565	587692	0	color=(255,187,120)
Ga0004748_12	223006	224532	0	color=(255,187,120)
Ga0004748_15	2192143	2192493	0	color=(255,187,120)
Ga0004748_15	2155662	2156132	0	color=(255,187,120)
Ga0004748_15	1189022	1189372	0	color=(255,187,120)
Ga0004748_11	1922739	1923134	0	color=(255,187,120)
Ga0004748_11	1425214	1426635	0	color=(255,187,120)
Ga0004748_11	852484	853347	0	color=(255,187,120)
Ga0004748_15	1126226	1127767	0	color=(255,187,120)
Ga0004748_11	1990060	1990839	0	color=(255,187,120)
Ga0004748_11	1660190	1661269	0	color=(255,187,120)
Ga0004748_15	2224194	2224838	0	color=(255,187,120)
Ga0004748_14	115165	115878	0	color=(255,187,120)
Ga0004748_11	722731	724209	0	color=(255,187,120)
Ga0004748_15	1051773	1052279	0	color=(255,187,120)
Ga0004748_15	1543235	1544260	0	color=(255,187,120)
Ga0004748_11	872384	873370	0	color=(255,187,120)
Ga0004748_15	801378	802334	0	color=(255,187,120)
Ga0004748_15	1029342	1030061	0	color=(255,187,120)
Ga0004748_15	921289	921729	0	color=(255,187,120)
Ga0004748_15	265704	266108	0	color=(255,187,120)
Ga0004748_11	1939279	1940496	0	color=(255,187,120)
Ga0004748_11	1250195	1250620	0	color=(255,187,120)
Ga0004748_11	982557	983093	0	color=(255,187,120)
Ga0004748_15	1544327	1545307	0	color=(255,187,120)
Ga0004748_12	309551	311476	0	color=(255,187,120)
Ga0004748_15	2335543	2335941	0	color=(255,187,120)
Ga0004748_14	118742	119506	0	color=(255,187,120)
Ga0004748_15	1669071	1670189	0	color=(255,187,120)
Ga0004748_12	1	728	0	color=(255,187,120)
Ga0004748_15	1499055	1500614	0	color=(255,187,120)
Ga0004748_13	261945	262412	0	color=(255,187,120)
Ga0004748_15	2195097	2196047	0	color=(255,187,120)
Ga0004748_15	1397801	1398094	0	color=(255,187,120)
Ga0004748_15	1030081	1030998	0	color=(255,187,120)
Ga0004748_15	537931	538644	0	color=(255,187,120)
Ga0004748_15	1536783	1537358	0	color=(255,187,120)
Ga0004748_15	1194555	1194995	0	color=(255,187,120)
Ga0004748_15	318518	319996	0	color=(255,187,120)
Ga0004748_14	15064	15927	0	color=(255,187,120)
Ga0004748_11	856950	858524	0	color=(255,187,120)
Ga0004748_16	50946	51947	0	color=(255,187,120)
Ga0004748_15	1087657	1089501	0	color=(255,187,120)
Ga0004748_14	33619	36090	0	color=(255,187,120)
Ga0004748_11	858538	859542	0	color=(255,187,120)
Ga0004748_15	1532707	1533393	0	color=(255,187,120)
Ga0004748_12	324975	325757	0	color=(255,187,120)
Ga0004748_15	2236341	2236913	0	color=(255,187,120)
Ga0004748_15	1796607	1797692	0	color=(255,187,120)
Ga0004748_14	26964	27500	0	color=(255,187,120)
Ga0004748_15	956639	957508	0	color=(255,187,120)
Ga0004748_15	726899	727540	0	color=(255,187,120)
Ga0004748_11	1387383	1388246	0	color=(255,187,120)
Ga0004748_15	1056484	1057713	0	color=(255,187,120)
Ga0004748_16	96650	97774	0	color=(255,187,120)
Ga0004748_15	1303630	1304556	0	color=(255,187,120)
Ga0004748_15	1303121	1303633	0	color=(255,187,120)
Ga0004748_11	47051	48715	0	color=(255,187,120)
Ga0004748_15	1648776	1649657	0	color=(255,187,120)
Ga0004748_12	359703	359984	0	color=(255,187,120)
Ga0004748_15	1300014	1300676	0	color=(255,187,120)
Ga0004748_15	1284054	1284884	0	color=(255,187,120)
Ga0004748_15	1189376	1190392	0	color=(255,187,120)
Ga0004748_15	1032453	1033760	0	color=(255,187,120)
Ga0004748_11	616713	617180	0	color=(255,187,120)
Ga0004748_13	113365	114492	0	color=(255,187,120)
Ga0004748_11	2026185	2027378	0	color=(255,187,120)
Ga0004748_15	1302901	1303104	0	color=(255,187,120)
Ga0004748_11	38508	39590	0	color=(255,187,120)
Ga0004748_11	856198	856611	0	color=(255,187,120)
Ga0004748_11	1546491	1547357	0	color=(255,187,120)
Ga0004748_11	860215	861519	0	color=(255,187,120)
Ga0004748_11	873381	873740	0	color=(255,187,120)
Ga0004748_11	875925	876971	0	color=(255,187,120)
Ga0004748_15	1655968	1656600	0	color=(255,187,120)
Ga0004748_15	1301311	1302483	0	color=(255,187,120)
Ga0004748_15	822416	824836	0	color=(255,187,120)
Ga0004748_11	887153	887332	0	color=(255,187,120)
Ga0004748_14	31459	32112	0	color=(255,187,120)
Ga0004748_14	77490	78149	0	color=(255,187,120)
Ga0004748_11	1861378	1862565	0	color=(255,187,120)
Ga0004748_15	1031259	1032413	0	color=(255,187,120)
Ga0004748_15	1300666	1301298	0	color=(255,187,120)
Ga0004748_11	1227982	1229115	0	color=(255,187,120)
Ga0004748_15	2190653	2191129	0	color=(255,187,120)
Ga0004748_15	2443745	2444437	0	color=(255,187,120)
Ga0004748_11	879076	880386	0	color=(255,187,120)
Ga0004748_15	1190406	1190864	0	color=(255,187,120)
Ga0004748_15	2449518	2449946	0	color=(255,187,120)
Ga0004748_15	1706748	1707143	0	color=(255,187,120)
Ga0004748_15	1037346	1038437	0	color=(255,187,120)
Ga0004748_15	1311514	1312539	0	color=(255,187,120)
Ga0004748_15	2376531	2377394	0	color=(255,187,120)
Ga0004748_15	2542340	2542936	0	color=(255,187,120)
Ga0004748_15	2028847	2029848	0	color=(255,187,120)
Ga0004748_15	1046709	1047071	0	color=(255,187,120)
Ga0004748_15	1396440	1397639	0	color=(255,187,120)
Ga0004748_15	2191130	2192146	0	color=(255,187,120)
Ga0004748_14	31154	31462	0	color=(255,187,120)
Ga0004748_11	856628	856927	0	color=(255,187,120)
Ga0004748_15	1489606	1491789	0	color=(255,187,120)
Ga0004748_15	2047669	2048400	0	color=(255,187,120)
Ga0004748_15	2497649	2498614	0	color=(255,187,120)
Ga0004748_14	18780	19154	0	color=(255,187,120)
Ga0004748_11	855769	856176	0	color=(255,187,120)
Ga0004748_11	738959	739747	0	color=(255,187,120)
Ga0004748_15	1418667	1419266	0	color=(255,187,120)
Ga0004748_11	875153	875914	0	color=(255,187,120)
Ga0004748_15	1042539	1044455	0	color=(255,187,120)
Ga0004748_15	1509596	1511623	0	color=(255,187,120)
Ga0004748_11	1639523	1640716	0	color=(255,187,120)
Ga0004748_15	2259275	2259646	0	color=(44,160,44)
Ga0004748_15	1179022	1180164	0	color=(44,160,44)
Ga0004748_12	199317	200681	0	color=(44,160,44)
Ga0004748_11	1287493	1287810	0	color=(44,160,44)
Ga0004748_15	1162979	1163638	0	color=(44,160,44)
Ga0004748_11	562998	563792	0	color=(44,160,44)
Ga0004748_15	1161738	1162982	0	color=(44,160,44)
Ga0004748_15	1178229	1179017	0	color=(44,160,44)
Ga0004748_12	202157	203608	0	color=(44,160,44)
Ga0004748_11	563808	564905	0	color=(44,160,44)
Ga0004748_15	2445461	2446432	0	color=(44,160,44)
Ga0004748_15	2430270	2431097	0	color=(44,160,44)
Ga0004748_11	1738453	1739190	0	color=(44,160,44)
Ga0004748_15	1821624	1822823	0	color=(44,160,44)
Ga0004748_15	1120750	1122318	0	color=(44,160,44)
Ga0004748_15	9829	10542	0	color=(44,160,44)
Ga0004748_15	1118533	1120641	0	color=(44,160,44)
Ga0004748_11	1727696	1729636	0	color=(44,160,44)
Ga0004748_11	1287826	1290231	0	color=(44,160,44)
Ga0004748_13	40294	41535	0	color=(44,160,44)
Ga0004748_15	1357977	1358555	0	color=(44,160,44)
Ga0004748_15	1653402	1653794	0	color=(44,160,44)
Ga0004748_11	644585	645196	0	color=(44,160,44)
Ga0004748_11	642693	643397	0	color=(44,160,44)
Ga0004748_12	13709	15511	0	color=(44,160,44)
Ga0004748_15	1459039	1459734	0	color=(44,160,44)
Ga0004748_12	11875	13221	0	color=(44,160,44)
Ga0004748_15	49277	50389	0	color=(44,160,44)
Ga0004748_14	19912	21291	0	color=(44,160,44)
Ga0004748_11	643436	644572	0	color=(44,160,44)
Ga0004748_15	1385586	1387382	0	color=(152,223,138)
Ga0004748_11	740634	741275	0	color=(152,223,138)
Ga0004748_15	881288	882526	0	color=(152,223,138)
Ga0004748_15	990087	992492	0	color=(152,223,138)
Ga0004748_11	1463041	1466130	0	color=(152,223,138)
Ga0004748_11	1461887	1463044	0	color=(152,223,138)
Ga0004748_15	1293076	1293306	0	color=(152,223,138)
Ga0004748_11	751310	754114	0	color=(152,223,138)
Ga0004748_15	1293296	1294654	0	color=(152,223,138)
Ga0004748_11	1194818	1195270	0	color=(152,223,138)
Ga0004748_12	84839	85801	0	color=(152,223,138)
Ga0004748_15	2454667	2455344	0	color=(152,223,138)
Ga0004748_11	1917101	1918231	0	color=(152,223,138)
Ga0004748_15	831434	832192	0	color=(152,223,138)
Ga0004748_15	2558765	2561236	0	color=(152,223,138)
Ga0004748_15	865010	866953	0	color=(152,223,138)
Ga0004748_15	1504575	1505576	0	color=(152,223,138)
Ga0004748_15	1623144	1625504	0	color=(152,223,138)
Ga0004748_15	832923	833453	0	color=(152,223,138)
Ga0004748_15	1377288	1378184	0	color=(152,223,138)
Ga0004748_15	706433	708856	0	color=(152,223,138)
Ga0004748_15	2206104	2208989	0	color=(152,223,138)
Ga0004748_15	975762	977810	0	color=(152,223,138)
Ga0004748_15	2208986	2210962	0	color=(152,223,138)
Ga0004748_15	2554089	2555234	0	color=(152,223,138)
Ga0004748_15	2555362	2555574	0	color=(152,223,138)
Ga0004748_15	1657516	1660149	0	color=(152,223,138)
Ga0004748_11	216345	217208	0	color=(152,223,138)
Ga0004748_14	23297	26827	0	color=(152,223,138)
Ga0004748_15	1628233	1629168	0	color=(152,223,138)
Ga0004748_15	880112	881143	0	color=(152,223,138)
Ga0004748_11	397106	400831	0	color=(152,223,138)
Ga0004748_15	952098	952997	0	color=(152,223,138)
Ga0004748_15	2556748	2558676	0	color=(152,223,138)
Ga0004748_11	152820	153437	0	color=(152,223,138)
Ga0004748_14	5471	6454	0	color=(152,223,138)
Ga0004748_15	1414187	1415197	0	color=(152,223,138)
Ga0004748_11	203852	205651	0	color=(152,223,138)
Ga0004748_12	358221	359318	0	color=(152,223,138)
Ga0004748_11	761051	761653	0	color=(152,223,138)
Ga0004748_15	1656673	1657503	0	color=(152,223,138)
Ga0004748_15	1536059	1536736	0	color=(152,223,138)
Ga0004748_11	756373	757080	0	color=(152,223,138)
Ga0004748_15	1505582	1506199	0	color=(152,223,138)
Ga0004748_15	708858	710822	0	color=(152,223,138)
Ga0004748_15	1590345	1592129	0	color=(152,223,138)
Ga0004748_12	176858	179107	0	color=(152,223,138)
Ga0004748_17	19518	20279	0	color=(152,223,138)
Ga0004748_15	2538735	2539256	0	color=(152,223,138)
Ga0004748_11	1078665	1080821	0	color=(152,223,138)
Ga0004748_15	1678303	1681629	0	color=(152,223,138)
Ga0004748_15	967576	971145	0	color=(152,223,138)
Ga0004748_15	954416	956494	0	color=(152,223,138)
Ga0004748_17	21036	21800	0	color=(152,223,138)
Ga0004748_11	702623	704152	0	color=(152,223,138)
Ga0004748_15	719754	720701	0	color=(152,223,138)
Ga0004748_14	66727	68103	0	color=(152,223,138)
Ga0004748_15	535420	537321	0	color=(152,223,138)
Ga0004748_11	757096	757743	0	color=(152,223,138)
Ga0004748_15	1847917	1848396	0	color=(152,223,138)
Ga0004748_11	393594	397109	0	color=(152,223,138)
Ga0004748_15	2552569	2553909	0	color=(152,223,138)
Ga0004748_11	2039864	2041981	0	color=(152,223,138)
Ga0004748_15	1286553	1288292	0	color=(152,223,138)
Ga0004748_15	821487	821759	0	color=(152,223,138)
Ga0004748_15	356004	356780	0	color=(152,223,138)
Ga0004748_15	1181357	1181929	0	color=(152,223,138)
Ga0004748_15	935505	939806	0	color=(152,223,138)
Ga0004748_15	1492560	1494899	0	color=(152,223,138)
Ga0004748_11	1806017	1807072	0	color=(152,223,138)
Ga0004748_12	179122	181131	0	color=(152,223,138)
Ga0004748_11	217205	218494	0	color=(152,223,138)
Ga0004748_11	1302635	1302970	0	color=(152,223,138)
Ga0004748_15	914169	915107	0	color=(152,223,138)
Ga0004748_15	1389825	1390571	0	color=(152,223,138)
Ga0004748_11	1696685	1697713	0	color=(152,223,138)
Ga0004748_15	1311514	1312539	0	color=(152,223,138)
Ga0004748_15	2533568	2534917	0	color=(152,223,138)
Ga0004748_11	78519	79331	0	color=(152,223,138)
Ga0004748_15	1565443	1566051	0	color=(152,223,138)
Ga0004748_15	2555587	2556714	0	color=(152,223,138)
Ga0004748_12	268396	270585	0	color=(152,223,138)
Ga0004748_15	792916	793536	0	color=(152,223,138)
Ga0004748_15	866962	869634	0	color=(152,223,138)
Ga0004748_15	912850	914172	0	color=(152,223,138)
Ga0004748_15	2399045	2399998	0	color=(152,223,138)
Ga0004748_17	24199	24828	0	color=(152,223,138)
Ga0004748_16	207653	208114	0	color=(152,223,138)
Ga0004748_15	643220	643615	0	color=(152,223,138)
Ga0004748_17	8543	9637	0	color=(152,223,138)
Ga0004748_15	1208382	1209272	0	color=(152,223,138)
Ga0004748_12	183366	184913	0	color=(214,39,40)
Ga0004748_15	759337	760854	0	color=(214,39,40)
Ga0004748_15	1957185	1959122	0	color=(214,39,40)
Ga0004748_11	1994547	1995833	0	color=(214,39,40)
Ga0004748_11	931402	932733	0	color=(214,39,40)
Ga0004748_15	2347092	2348954	0	color=(214,39,40)
Ga0004748_15	1068914	1069963	0	color=(214,39,40)
Ga0004748_15	2061580	2061963	0	color=(214,39,40)
Ga0004748_11	1379165	1380040	0	color=(214,39,40)
Ga0004748_15	1274852	1275955	0	color=(214,39,40)
Ga0004748_15	2349813	2350232	0	color=(214,39,40)
Ga0004748_15	2437225	2437410	0	color=(214,39,40)
Ga0004748_15	1249628	1250506	0	color=(214,39,40)
Ga0004748_16	143016	144149	0	color=(214,39,40)
Ga0004748_11	743605	744000	0	color=(214,39,40)
Ga0004748_15	1953510	1955006	0	color=(214,39,40)
Ga0004748_12	349153	349884	0	color=(214,39,40)
Ga0004748_11	1275063	1275752	0	color=(214,39,40)
Ga0004748_15	1277178	1278077	0	color=(214,39,40)
Ga0004748_15	1066059	1066391	0	color=(214,39,40)
Ga0004748_15	1250525	1251184	0	color=(214,39,40)
Ga0004748_15	2365495	2366214	0	color=(214,39,40)
Ga0004748_11	1392207	1393745	0	color=(214,39,40)
Ga0004748_15	1098287	1099576	0	color=(214,39,40)
Ga0004748_15	1592279	1592593	0	color=(214,39,40)
Ga0004748_11	1862657	1863337	0	color=(214,39,40)
Ga0004748_16	64290	65186	0	color=(214,39,40)
Ga0004748_11	2009273	2010472	0	color=(214,39,40)
Ga0004748_15	2353828	2354346	0	color=(214,39,40)
Ga0004748_11	386911	388188	0	color=(214,39,40)
Ga0004748_11	1045303	1045974	0	color=(214,39,40)
Ga0004748_15	396792	397850	0	color=(214,39,40)
Ga0004748_15	924514	925413	0	color=(214,39,40)
Ga0004748_15	1664277	1665215	0	color=(214,39,40)
Ga0004748_11	1993915	1994544	0	color=(214,39,40)
Ga0004748_16	124044	125477	0	color=(214,39,40)
Ga0004748_11	919208	920596	0	color=(214,39,40)
Ga0004748_11	536216	537628	0	color=(214,39,40)
Ga0004748_15	1956107	1957237	0	color=(214,39,40)
Ga0004748_15	443849	445390	0	color=(214,39,40)
Ga0004748_11	1110874	1111890	0	color=(214,39,40)
Ga0004748_11	2011552	2012550	0	color=(214,39,40)
Ga0004748_15	451061	452545	0	color=(214,39,40)
Ga0004748_11	298427	299917	0	color=(214,39,40)
Ga0004748_12	228042	228683	0	color=(214,39,40)
Ga0004748_15	2511488	2512504	0	color=(214,39,40)
Ga0004748_11	1993043	1993882	0	color=(214,39,40)
Ga0004748_12	346834	349083	0	color=(214,39,40)
Ga0004748_15	2344071	2345585	0	color=(214,39,40)
Ga0004748_12	75875	77053	0	color=(214,39,40)
Ga0004748_15	723693	726416	0	color=(214,39,40)
Ga0004748_15	755421	756392	0	color=(214,39,40)
Ga0004748_15	447243	447911	0	color=(214,39,40)
Ga0004748_15	756371	757642	0	color=(214,39,40)
Ga0004748_15	1067018	1068880	0	color=(214,39,40)
Ga0004748_11	1692036	1692734	0	color=(214,39,40)
Ga0004748_15	2445461	2446432	0	color=(214,39,40)
Ga0004748_11	1692756	1693646	0	color=(214,39,40)
Ga0004748_11	1273020	1274495	0	color=(214,39,40)
Ga0004748_11	604509	604955	0	color=(214,39,40)
Ga0004748_15	2177174	2177929	0	color=(214,39,40)
Ga0004748_15	2362525	2364033	0	color=(214,39,40)
Ga0004748_11	544017	545438	0	color=(214,39,40)
Ga0004748_15	2361398	2362258	0	color=(214,39,40)
Ga0004748_12	336175	337104	0	color=(214,39,40)
Ga0004748_12	7082	8227	0	color=(214,39,40)
Ga0004748_15	1673197	1674156	0	color=(214,39,40)
Ga0004748_15	757655	759313	0	color=(214,39,40)
Ga0004748_16	150277	151083	0	color=(214,39,40)
Ga0004748_15	1964777	1965721	0	color=(214,39,40)
Ga0004748_15	784326	786326	0	color=(214,39,40)
Ga0004748_16	26463	26774	0	color=(214,39,40)
Ga0004748_15	673239	674036	0	color=(214,39,40)
Ga0004748_11	1395128	1396024	0	color=(214,39,40)
Ga0004748_11	2023040	2023702	0	color=(214,39,40)
Ga0004748_11	1457389	1458849	0	color=(214,39,40)
Ga0004748_15	2179286	2180290	0	color=(214,39,40)
Ga0004748_15	2199655	2200611	0	color=(214,39,40)
Ga0004748_15	511264	512283	0	color=(214,39,40)
Ga0004748_12	256375	257337	0	color=(214,39,40)
Ga0004748_15	2320953	2321975	0	color=(214,39,40)
Ga0004748_15	981698	982342	0	color=(214,39,40)
Ga0004748_15	1853114	1854142	0	color=(214,39,40)
Ga0004748_15	449027	451021	0	color=(214,39,40)
Ga0004748_11	504933	506192	0	color=(214,39,40)
Ga0004748_11	711574	712506	0	color=(214,39,40)
Ga0004748_15	568243	569634	0	color=(214,39,40)
Ga0004748_13	302233	303177	0	color=(214,39,40)
Ga0004748_15	2345593	2347095	0	color=(214,39,40)
Ga0004748_15	1720974	1722149	0	color=(214,39,40)
Ga0004748_12	73774	74892	0	color=(214,39,40)
Ga0004748_11	151647	152405	0	color=(214,39,40)
Ga0004748_15	1823343	1824929	0	color=(214,39,40)
Ga0004748_11	984879	985778	0	color=(214,39,40)
Ga0004748_15	2365220	2365438	0	color=(214,39,40)
Ga0004748_15	2352362	2353831	0	color=(214,39,40)
Ga0004748_11	946295	947734	0	color=(214,39,40)
Ga0004748_11	385298	386887	0	color=(214,39,40)
Ga0004748_13	105539	106468	0	color=(214,39,40)
Ga0004748_13	15108	16220	0	color=(214,39,40)
Ga0004748_11	1269347	1273030	0	color=(214,39,40)
Ga0004748_15	2364045	2364587	0	color=(214,39,40)
Ga0004748_15	957597	958499	0	color=(214,39,40)
Ga0004748_13	297301	298413	0	color=(214,39,40)
Ga0004748_16	23003	23878	0	color=(214,39,40)
Ga0004748_15	1813162	1813836	0	color=(214,39,40)
Ga0004748_11	1351825	1352520	0	color=(214,39,40)
Ga0004748_15	2317897	2318889	0	color=(214,39,40)
Ga0004748_15	1588854	1589480	0	color=(214,39,40)
Ga0004748_16	23912	25846	0	color=(214,39,40)
Ga0004748_16	25860	26462	0	color=(214,39,40)
Ga0004748_15	2174322	2175617	0	color=(214,39,40)
Ga0004748_11	860215	861519	0	color=(214,39,40)
Ga0004748_15	2175648	2177177	0	color=(214,39,40)
Ga0004748_11	1632695	1633675	0	color=(214,39,40)
Ga0004748_15	1703434	1704627	0	color=(214,39,40)
Ga0004748_15	448021	448914	0	color=(214,39,40)
Ga0004748_13	30831	31775	0	color=(214,39,40)
Ga0004748_15	1327031	1328131	0	color=(214,39,40)
Ga0004748_11	618707	619603	0	color=(214,39,40)
Ga0004748_15	2359330	2359731	0	color=(214,39,40)
Ga0004748_15	1078443	1081889	0	color=(214,39,40)
Ga0004748_14	45427	46299	0	color=(214,39,40)
Ga0004748_15	2038945	2039916	0	color=(214,39,40)
Ga0004748_15	1665235	1666527	0	color=(214,39,40)
Ga0004748_16	59834	60481	0	color=(214,39,40)
Ga0004748_15	1951083	1953491	0	color=(214,39,40)
Ga0004748_15	2359752	2361158	0	color=(214,39,40)
Ga0004748_15	2364584	2365090	0	color=(214,39,40)
Ga0004748_11	149942	151630	0	color=(214,39,40)
Ga0004748_11	693567	694724	0	color=(214,39,40)
Ga0004748_15	1100651	1101766	0	color=(214,39,40)
Ga0004748_15	1587047	1588840	0	color=(214,39,40)
Ga0004748_11	1096273	1097217	0	color=(214,39,40)
Ga0004748_15	2285266	2286138	0	color=(214,39,40)
Ga0004748_15	958519	959679	0	color=(214,39,40)
Ga0004748_12	252561	253793	0	color=(214,39,40)
Ga0004748_15	500673	501959	0	color=(214,39,40)
Ga0004748_15	2370393	2370836	0	color=(214,39,40)
Ga0004748_15	2382702	2383667	0	color=(214,39,40)
Ga0004748_11	506326	509193	0	color=(214,39,40)
Ga0004748_15	641843	642286	0	color=(214,39,40)
Ga0004748_15	1692621	1693754	0	color=(214,39,40)
Ga0004748_15	100051	101553	0	color=(214,39,40)
Ga0004748_15	1671386	1673143	0	color=(214,39,40)
Ga0004748_15	1654176	1655204	0	color=(214,39,40)
Ga0004748_15	1586293	1587054	0	color=(214,39,40)
Ga0004748_15	2385406	2386263	0	color=(214,39,40)
Ga0004748_15	2066895	2067845	0	color=(214,39,40)
Ga0004748_11	1501215	1502915	0	color=(214,39,40)
Ga0004748_15	732964	734055	0	color=(255,152,150)
Ga0004748_11	968507	969490	0	color=(255,152,150)
Ga0004748_11	553644	554387	0	color=(255,152,150)
Ga0004748_13	94591	94887	0	color=(255,152,150)
Ga0004748_15	882547	883125	0	color=(255,152,150)
Ga0004748_13	94943	95689	0	color=(255,152,150)
Ga0004748_13	94109	94594	0	color=(255,152,150)
Ga0004748_13	95682	96632	0	color=(255,152,150)
Ga0004748_11	1722797	1724134	0	color=(255,152,150)
Ga0004748_15	662458	664311	0	color=(255,152,150)
Ga0004748_15	1078443	1081889	0	color=(255,152,150)
Ga0004748_11	554471	555556	0	color=(255,152,150)
Ga0004748_12	86460	86819	0	color=(255,152,150)
Ga0004748_15	972089	972322	0	color=(255,152,150)
Ga0004748_15	1426076	1426864	0	color=(255,152,150)
Ga0004748_15	1298088	1298576	0	color=(255,152,150)
Ga0004748_15	661361	662101	0	color=(255,152,150)
Ga0004748_15	1675247	1676116	0	color=(255,152,150)
Ga0004748_15	572193	572684	0	color=(255,152,150)
Ga0004748_11	1562581	1563129	0	color=(255,152,150)
Ga0004748_15	2333517	2333951	0	color=(255,152,150)
Ga0004748_15	2073324	2074496	0	color=(255,152,150)
Ga0004748_11	636971	637672	0	color=(255,152,150)
Ga0004748_11	428107	429039	0	color=(255,152,150)
Ga0004748_11	1366896	1367615	0	color=(255,152,150)
Ga0004748_15	972392	973132	0	color=(255,152,150)
Ga0004748_11	429071	430309	0	color=(255,152,150)
Ga0004748_12	53041	53646	0	color=(255,152,150)
Ga0004748_11	240719	241303	0	color=(255,152,150)
Ga0004748_15	973132	974076	0	color=(255,152,150)
Ga0004748_15	1674285	1675259	0	color=(255,152,150)
Ga0004748_15	716363	716959	0	color=(255,152,150)
Ga0004748_15	1296719	1298071	0	color=(255,152,150)
Ga0004748_15	2394117	2395400	0	color=(255,152,150)
Ga0004748_15	974091	975083	0	color=(255,152,150)
Ga0004748_15	1150667	1151842	0	color=(255,152,150)
Ga0004748_12	56682	57038	0	color=(148,103,189)
Ga0004748_15	1467894	1468964	0	color=(148,103,189)
Ga0004748_15	1610318	1610512	0	color=(148,103,189)
Ga0004748_15	1927764	1927955	0	color=(148,103,189)
Ga0004748_15	995044	995919	0	color=(148,103,189)
Ga0004748_15	773679	774356	0	color=(148,103,189)
Ga0004748_15	244730	245095	0	color=(148,103,189)
Ga0004748_12	191215	192437	0	color=(148,103,189)
Ga0004748_15	2189279	2189632	0	color=(148,103,189)
Ga0004748_15	261917	262288	0	color=(148,103,189)
Ga0004748_15	2116839	2117402	0	color=(148,103,189)
Ga0004748_15	1931301	1932056	0	color=(148,103,189)
Ga0004748_11	671685	672305	0	color=(148,103,189)
Ga0004748_15	1947741	1948523	0	color=(148,103,189)
Ga0004748_11	1583777	1584166	0	color=(148,103,189)
Ga0004748_15	2427158	2427520	0	color=(148,103,189)
Ga0004748_11	314713	314838	0	color=(148,103,189)
Ga0004748_15	1995528	1996133	0	color=(148,103,189)
Ga0004748_15	2214452	2215474	0	color=(148,103,189)
Ga0004748_12	354137	355042	0	color=(148,103,189)
Ga0004748_15	201430	202143	0	color=(148,103,189)
Ga0004748_11	236498	236623	0	color=(148,103,189)
Ga0004748_15	2369754	2370344	0	color=(148,103,189)
Ga0004748_11	838940	839059	0	color=(148,103,189)
Ga0004748_15	2171913	2172605	0	color=(148,103,189)
Ga0004748_11	1662436	1662585	0	color=(148,103,189)
Ga0004748_15	373581	374927	0	color=(148,103,189)
Ga0004748_11	500944	502893	0	color=(148,103,189)
Ga0004748_15	2196136	2197089	0	color=(148,103,189)
Ga0004748_15	1933139	1934239	0	color=(148,103,189)
Ga0004748_15	2015205	2015558	0	color=(148,103,189)
Ga0004748_11	1166067	1166213	0	color=(148,103,189)
Ga0004748_15	2500075	2500767	0	color=(148,103,189)
Ga0004748_15	1102281	1102427	0	color=(148,103,189)
Ga0004748_15	1850754	1850990	0	color=(148,103,189)
Ga0004748_13	43646	44008	0	color=(148,103,189)
Ga0004748_15	2022889	2023686	0	color=(148,103,189)
Ga0004748_12	9581	10402	0	color=(148,103,189)
Ga0004748_13	330603	331007	0	color=(197,176,213)
Ga0004748_17	45484	49518	0	color=(197,176,213)
Ga0004748_17	49558	49983	0	color=(197,176,213)
Ga0004748_13	109990	110706	0	color=(197,176,213)
Ga0004748_11	1875923	1876405	0	color=(197,176,213)
Ga0004748_17	44021	45487	0	color=(197,176,213)
Ga0004748_11	756373	757080	0	color=(197,176,213)
Ga0004748_17	41573	44008	0	color=(197,176,213)
Ga0004748_13	307119	307843	0	color=(197,176,213)
Ga0004748_17	24967	25353	0	color=(197,176,213)
Ga0004748_17	37591	37998	0	color=(197,176,213)
Ga0004748_11	1827347	1828471	0	color=(197,176,213)
Ga0004748_13	308772	309893	0	color=(197,176,213)
Ga0004748_11	1831087	1834917	0	color=(197,176,213)
Ga0004748_17	31601	32875	0	color=(197,176,213)
Ga0004748_11	1835593	1838322	0	color=(197,176,213)
Ga0004748_13	249580	250344	0	color=(197,176,213)
Ga0004748_17	39776	40279	0	color=(197,176,213)
Ga0004748_15	356004	356780	0	color=(197,176,213)
Ga0004748_17	32888	34312	0	color=(197,176,213)
Ga0004748_11	1816080	1816562	0	color=(197,176,213)
Ga0004748_15	914169	915107	0	color=(197,176,213)
Ga0004748_11	216345	217208	0	color=(197,176,213)
Ga0004748_13	222303	222791	0	color=(197,176,213)
Ga0004748_13	247380	247751	0	color=(197,176,213)
Ga0004748_11	1806017	1807072	0	color=(197,176,213)
Ga0004748_13	239081	239497	0	color=(197,176,213)
Ga0004748_11	1825440	1826684	0	color=(197,176,213)
Ga0004748_13	244236	245667	0	color=(197,176,213)
Ga0004748_17	19518	20279	0	color=(197,176,213)
Ga0004748_13	242802	244142	0	color=(197,176,213)
Ga0004748_12	349153	349884	0	color=(140,86,75)
Ga0004748_11	169741	170829	0	color=(140,86,75)
Ga0004748_12	221017	222132	0	color=(140,86,75)
Ga0004748_15	278697	279902	0	color=(140,86,75)
Ga0004748_15	1020027	1020485	0	color=(140,86,75)
Ga0004748_14	104648	105949	0	color=(140,86,75)
Ga0004748_15	1335762	1336061	0	color=(140,86,75)
Ga0004748_11	772837	773583	0	color=(140,86,75)
Ga0004748_15	2409439	2410185	0	color=(140,86,75)
Ga0004748_15	961614	962165	0	color=(140,86,75)
Ga0004748_15	203066	203617	0	color=(140,86,75)
Ga0004748_11	1977082	1978386	0	color=(140,86,75)
Ga0004748_14	106654	107400	0	color=(140,86,75)
Ga0004748_11	1368527	1368712	0	color=(140,86,75)
Ga0004748_15	2550626	2551393	0	color=(140,86,75)
Ga0004748_11	1274515	1275045	0	color=(140,86,75)
Ga0004748_11	392914	393477	0	color=(140,86,75)
Ga0004748_15	1557802	1559061	0	color=(140,86,75)
Ga0004748_12	332771	334045	0	color=(140,86,75)
Ga0004748_11	982557	983093	0	color=(140,86,75)
Ga0004748_13	222303	222791	0	color=(140,86,75)
Ga0004748_15	989605	990075	0	color=(140,86,75)
Ga0004748_15	1553512	1555842	0	color=(140,86,75)
Ga0004748_15	713832	714284	0	color=(140,86,75)
Ga0004748_12	101330	102346	0	color=(140,86,75)
Ga0004748_15	834400	835632	0	color=(140,86,75)
Ga0004748_15	541454	543241	0	color=(140,86,75)
Ga0004748_15	2221756	2223243	0	color=(140,86,75)
Ga0004748_15	197325	197972	0	color=(140,86,75)
Ga0004748_15	1404775	1406610	0	color=(140,86,75)
Ga0004748_15	2518734	2520551	0	color=(140,86,75)
Ga0004748_16	41246	41878	0	color=(140,86,75)
Ga0004748_11	693567	694724	0	color=(140,86,75)
Ga0004748_15	941741	942997	0	color=(140,86,75)
Ga0004748_14	78465	78644	0	color=(140,86,75)
Ga0004748_15	1556025	1557695	0	color=(140,86,75)
Ga0004748_11	602946	604115	0	color=(140,86,75)
Ga0004748_11	747023	748003	0	color=(140,86,75)
Ga0004748_12	313676	314212	0	color=(140,86,75)
Ga0004748_15	2203612	2204424	0	color=(140,86,75)
Ga0004748_11	1627278	1627982	0	color=(140,86,75)
Ga0004748_11	1218606	1218935	0	color=(140,86,75)
Ga0004748_11	1421290	1422558	0	color=(140,86,75)
Ga0004748_11	449532	451358	0	color=(140,86,75)
Ga0004748_15	1108322	1109452	0	color=(140,86,75)
Ga0004748_15	964744	966093	0	color=(140,86,75)
Ga0004748_11	2021283	2021864	0	color=(140,86,75)
Ga0004748_11	1747460	1748308	0	color=(140,86,75)
Ga0004748_15	2497649	2498614	0	color=(140,86,75)
Ga0004748_11	1368770	1369495	0	color=(140,86,75)
Ga0004748_15	1335310	1335765	0	color=(140,86,75)
Ga0004748_11	359355	360344	0	color=(140,86,75)
Ga0004748_13	312940	313389	0	color=(140,86,75)
Ga0004748_15	950099	951490	0	color=(140,86,75)
Ga0004748_11	423030	425630	0	color=(140,86,75)
Ga0004748_17	49558	49983	0	color=(140,86,75)
Ga0004748_15	951513	952055	0	color=(140,86,75)
Ga0004748_15	2087704	2088486	0	color=(140,86,75)
Ga0004748_17	74609	75147	0	color=(140,86,75)
Ga0004748_15	1904812	1905432	0	color=(140,86,75)
Ga0004748_11	1860589	1861119	0	color=(140,86,75)
Ga0004748_14	38376	40277	0	color=(140,86,75)
Ga0004748_12	86460	86819	0	color=(140,86,75)
Ga0004748_15	1496051	1498315	0	color=(140,86,75)
Ga0004748_15	767694	768839	0	color=(140,86,75)
Ga0004748_15	193523	194044	0	color=(140,86,75)
Ga0004748_12	107261	108895	0	color=(140,86,75)
Ga0004748_15	966571	967560	0	color=(140,86,75)
Ga0004748_11	123174	123689	0	color=(140,86,75)
Ga0004748_15	1858906	1859559	0	color=(140,86,75)
Ga0004748_15	2377507	2378358	0	color=(140,86,75)
Ga0004748_16	18910	20085	0	color=(140,86,75)
Ga0004748_15	2193842	2194423	0	color=(140,86,75)
Ga0004748_15	2171585	2171818	0	color=(140,86,75)
Ga0004748_15	1334575	1335045	0	color=(140,86,75)
Ga0004748_15	2227171	2229678	0	color=(140,86,75)
Ga0004748_15	1501866	1502126	0	color=(140,86,75)
Ga0004748_15	1612441	1613205	0	color=(140,86,75)
Ga0004748_15	1412560	1413663	0	color=(140,86,75)
Ga0004748_15	1102596	1103150	0	color=(140,86,75)
Ga0004748_11	1482928	1483677	0	color=(140,86,75)
Ga0004748_11	1327408	1331418	0	color=(140,86,75)
Ga0004748_15	1559327	1560604	0	color=(140,86,75)
Ga0004748_11	232824	233486	0	color=(140,86,75)
Ga0004748_14	81572	81931	0	color=(196,156,148)
Ga0004748_12	209479	210855	0	color=(196,156,148)
Ga0004748_15	1645634	1646134	0	color=(196,156,148)
Ga0004748_14	112760	113503	0	color=(196,156,148)
Ga0004748_15	1470239	1472881	0	color=(196,156,148)
Ga0004748_15	1645412	1645612	0	color=(196,156,148)
Ga0004748_14	80079	80771	0	color=(196,156,148)
Ga0004748_15	1021097	1023862	0	color=(196,156,148)
Ga0004748_11	1177145	1178194	0	color=(196,156,148)
Ga0004748_14	103992	104174	0	color=(196,156,148)
Ga0004748_14	79477	79902	0	color=(196,156,148)
Ga0004748_11	580141	580632	0	color=(196,156,148)
Ga0004748_14	107469	107687	0	color=(196,156,148)
Ga0004748_15	1401594	1402343	0	color=(196,156,148)
Ga0004748_15	1722549	1723151	0	color=(196,156,148)
Ga0004748_15	2551870	2552004	0	color=(196,156,148)
Ga0004748_15	947201	948088	0	color=(196,156,148)
Ga0004748_15	1525692	1526978	0	color=(196,156,148)
Ga0004748_11	580625	581341	0	color=(196,156,148)
Ga0004748_15	1631921	1634341	0	color=(196,156,148)
Ga0004748_14	113656	114093	0	color=(196,156,148)
Ga0004748_15	1724856	1726112	0	color=(196,156,148)
Ga0004748_15	960703	961593	0	color=(196,156,148)
Ga0004748_15	1019114	1020022	0	color=(196,156,148)
Ga0004748_15	1390925	1391830	0	color=(196,156,148)
Ga0004748_14	90558	90980	0	color=(196,156,148)
Ga0004748_15	987306	988640	0	color=(196,156,148)
Ga0004748_11	1314861	1317962	0	color=(196,156,148)
Ga0004748_15	1540103	1542748	0	color=(196,156,148)
Ga0004748_15	945852	946409	0	color=(196,156,148)
Ga0004748_14	78286	78432	0	color=(196,156,148)
Ga0004748_15	415895	416893	0	color=(196,156,148)
Ga0004748_12	294764	296194	0	color=(196,156,148)
Ga0004748_15	1713209	1714423	0	color=(196,156,148)
Ga0004748_15	1087657	1089501	0	color=(196,156,148)
Ga0004748_12	193609	193899	0	color=(196,156,148)
Ga0004748_11	690449	691177	0	color=(196,156,148)
Ga0004748_15	929250	930173	0	color=(196,156,148)
Ga0004748_14	108248	108637	0	color=(196,156,148)
Ga0004748_15	1630072	1631463	0	color=(196,156,148)
Ga0004748_14	10389	12371	0	color=(196,156,148)
Ga0004748_15	1423866	1424972	0	color=(196,156,148)
Ga0004748_15	392418	393695	0	color=(196,156,148)
Ga0004748_15	1799711	1802119	0	color=(196,156,148)
Ga0004748_15	2546473	2548362	0	color=(196,156,148)
Ga0004748_15	1770818	1771546	0	color=(196,156,148)
Ga0004748_15	1763593	1764246	0	color=(196,156,148)
Ga0004748_15	1528240	1528548	0	color=(196,156,148)
Ga0004748_15	962267	962611	0	color=(196,156,148)
Ga0004748_15	2534945	2535391	0	color=(196,156,148)
Ga0004748_15	2167393	2167860	0	color=(196,156,148)
Ga0004748_14	98599	98940	0	color=(196,156,148)
Ga0004748_12	100180	100872	0	color=(196,156,148)
Ga0004748_15	2138172	2139434	0	color=(196,156,148)
Ga0004748_11	1776272	1777825	0	color=(196,156,148)
Ga0004748_15	1399740	1399913	0	color=(196,156,148)
Ga0004748_14	8721	9596	0	color=(196,156,148)
Ga0004748_12	328127	328864	0	color=(196,156,148)
Ga0004748_11	1307221	1308909	0	color=(196,156,148)
Ga0004748_15	1402488	1403426	0	color=(196,156,148)
Ga0004748_15	1430567	1430716	0	color=(196,156,148)
Ga0004748_14	104208	104648	0	color=(196,156,148)
Ga0004748_14	49348	50847	0	color=(196,156,148)
Ga0004748_15	980539	980727	0	color=(196,156,148)
Ga0004748_15	962758	963492	0	color=(196,156,148)
Ga0004748_15	1413844	1414101	0	color=(196,156,148)
Ga0004748_15	986213	987301	0	color=(196,156,148)
Ga0004748_15	2099988	2101622	0	color=(196,156,148)
Ga0004748_15	1634360	1635394	0	color=(196,156,148)
Ga0004748_15	391601	392077	0	color=(196,156,148)
Ga0004748_14	22273	22896	0	color=(196,156,148)
Ga0004748_14	102521	103060	0	color=(196,156,148)
Ga0004748_14	103094	103456	0	color=(196,156,148)
Ga0004748_14	103478	103978	0	color=(196,156,148)
Ga0004748_15	1645018	1645374	0	color=(196,156,148)
Ga0004748_15	1646531	1648468	0	color=(196,156,148)
Ga0004748_11	531937	532860	0	color=(196,156,148)
Ga0004748_15	927865	928134	0	color=(196,156,148)
Ga0004748_15	948192	948893	0	color=(196,156,148)
Ga0004748_14	107723	107836	0	color=(196,156,148)
Ga0004748_15	870919	872448	0	color=(196,156,148)
Ga0004748_12	326691	328070	0	color=(196,156,148)
Ga0004748_14	107858	108223	0	color=(196,156,148)
Ga0004748_15	2548409	2549785	0	color=(196,156,148)
Ga0004748_12	101330	102346	0	color=(196,156,148)
Ga0004748_14	109798	110160	0	color=(196,156,148)
Ga0004748_14	93882	95069	0	color=(196,156,148)
Ga0004748_15	1527590	1527880	0	color=(196,156,148)
Ga0004748_15	2423836	2425506	0	color=(196,156,148)
Ga0004748_14	14075	14953	0	color=(196,156,148)
Ga0004748_15	1052409	1052582	0	color=(196,156,148)
Ga0004748_14	95469	95777	0	color=(196,156,148)
Ga0004748_14	36321	37751	0	color=(196,156,148)
Ga0004748_12	195387	196814	0	color=(196,156,148)
Ga0004748_14	91686	93764	0	color=(196,156,148)
Ga0004748_15	1485393	1487168	0	color=(196,156,148)
Ga0004748_15	953063	954367	0	color=(196,156,148)
Ga0004748_15	2545731	2546450	0	color=(196,156,148)
Ga0004748_11	455945	456838	0	color=(196,156,148)
Ga0004748_15	988637	989581	0	color=(196,156,148)
Ga0004748_13	78668	79384	0	color=(196,156,148)
Ga0004748_15	1400235	1401587	0	color=(196,156,148)
Ga0004748_11	718522	719832	0	color=(196,156,148)
Ga0004748_15	2523786	2524265	0	color=(196,156,148)
Ga0004748_14	97412	98242	0	color=(196,156,148)
Ga0004748_15	1058193	1058759	0	color=(196,156,148)
Ga0004748_15	930910	932976	0	color=(196,156,148)
Ga0004748_14	100250	100513	0	color=(196,156,148)
Ga0004748_14	100557	100925	0	color=(196,156,148)
Ga0004748_14	91010	91480	0	color=(196,156,148)
Ga0004748_15	2235151	2235693	0	color=(196,156,148)
Ga0004748_13	78184	78675	0	color=(196,156,148)
Ga0004748_14	76163	76906	0	color=(196,156,148)
Ga0004748_15	1487181	1488452	0	color=(196,156,148)
Ga0004748_14	100964	101275	0	color=(196,156,148)
Ga0004748_16	202542	203030	0	color=(196,156,148)
Ga0004748_15	2380388	2380633	0	color=(196,156,148)
Ga0004748_14	98303	98581	0	color=(196,156,148)
Ga0004748_15	1305955	1306512	0	color=(196,156,148)
Ga0004748_15	1622259	1622948	0	color=(196,156,148)
Ga0004748_14	71824	73281	0	color=(196,156,148)
Ga0004748_11	1218606	1218935	0	color=(196,156,148)
Ga0004748_14	74359	75756	0	color=(196,156,148)
Ga0004748_15	1421098	1421454	0	color=(196,156,148)
Ga0004748_15	1392671	1393141	0	color=(196,156,148)
Ga0004748_11	1491638	1492345	0	color=(196,156,148)
Ga0004748_11	1323945	1325243	0	color=(196,156,148)
Ga0004748_11	1492993	1494915	0	color=(196,156,148)
Ga0004748_15	1989336	1990712	0	color=(196,156,148)
Ga0004748_15	2374874	2375914	0	color=(196,156,148)
Ga0004748_12	100887	101330	0	color=(196,156,148)
Ga0004748_14	96470	97093	0	color=(196,156,148)
Ga0004748_14	99605	100039	0	color=(196,156,148)
Ga0004748_15	1478939	1480054	0	color=(196,156,148)
Ga0004748_15	1047087	1048019	0	color=(196,156,148)
Ga0004748_15	964370	964642	0	color=(196,156,148)
Ga0004748_12	99726	100199	0	color=(196,156,148)
Ga0004748_15	939931	941631	0	color=(196,156,148)
Ga0004748_14	100029	100229	0	color=(196,156,148)
Ga0004748_15	1503306	1504358	0	color=(196,156,148)
Ga0004748_15	982345	983226	0	color=(196,156,148)
Ga0004748_11	714045	715193	0	color=(196,156,148)
Ga0004748_15	2538456	2538689	0	color=(196,156,148)
Ga0004748_15	2539283	2539573	0	color=(196,156,148)
Ga0004748_15	1358660	1358809	0	color=(196,156,148)
Ga0004748_15	807533	808486	0	color=(196,156,148)
Ga0004748_16	204021	205163	0	color=(196,156,148)
Ga0004748_15	2378358	2379425	0	color=(196,156,148)
Ga0004748_15	1489149	1489589	0	color=(196,156,148)
Ga0004748_12	193915	195372	0	color=(196,156,148)
Ga0004748_15	2225928	2227026	0	color=(196,156,148)
Ga0004748_15	1502154	1503293	0	color=(196,156,148)
Ga0004748_11	432204	433193	0	color=(196,156,148)
Ga0004748_15	1552919	1553515	0	color=(196,156,148)
Ga0004748_14	98944	99603	0	color=(196,156,148)
Ga0004748_11	773910	774503	0	color=(227,119,194)
Ga0004748_12	168897	170432	0	color=(227,119,194)
Ga0004748_15	1203809	1205113	0	color=(227,119,194)
Ga0004748_15	946412	947134	0	color=(227,119,194)
Ga0004748_11	585582	587666	0	color=(227,119,194)
Ga0004748_15	1015865	1016779	0	color=(227,119,194)
Ga0004748_15	1907083	1907610	0	color=(227,119,194)
Ga0004748_15	1459039	1459734	0	color=(227,119,194)
Ga0004748_15	994082	994699	0	color=(227,119,194)
Ga0004748_13	312940	313389	0	color=(227,119,194)
Ga0004748_11	681443	682150	0	color=(227,119,194)
Ga0004748_15	1205121	1205942	0	color=(227,119,194)
Ga0004748_15	1013501	1014598	0	color=(227,119,194)
Ga0004748_15	1464157	1464795	0	color=(227,119,194)
Ga0004748_11	1045303	1045974	0	color=(227,119,194)
Ga0004748_15	713832	714284	0	color=(227,119,194)
Ga0004748_15	151028	152782	0	color=(227,119,194)
Ga0004748_15	1205955	1207139	0	color=(227,119,194)
Ga0004748_14	106004	106654	0	color=(227,119,194)
Ga0004748_15	1759867	1760376	0	color=(227,119,194)
Ga0004748_11	1738453	1739190	0	color=(227,119,194)
Ga0004748_12	170698	171969	0	color=(227,119,194)
Ga0004748_14	21310	22263	0	color=(227,119,194)
Ga0004748_14	37748	38290	0	color=(227,119,194)
Ga0004748_15	1391823	1392221	0	color=(227,119,194)
Ga0004748_13	311078	312943	0	color=(227,119,194)
Ga0004748_11	1047292	1048593	0	color=(227,119,194)
Ga0004748_12	168285	168872	0	color=(227,119,194)
Ga0004748_15	1236254	1238545	0	color=(227,119,194)
Ga0004748_15	1014595	1015881	0	color=(227,119,194)
Ga0004748_15	1007895	1008611	0	color=(227,119,194)
Ga0004748_11	713032	713709	0	color=(227,119,194)
Ga0004748_15	2517610	2518596	0	color=(227,119,194)
Ga0004748_12	163523	165742	0	color=(227,119,194)
Ga0004748_15	2367357	2367986	0	color=(227,119,194)
Ga0004748_11	1362305	1363261	0	color=(227,119,194)
Ga0004748_12	167248	168288	0	color=(227,119,194)
Ga0004748_15	1010298	1013516	0	color=(227,119,194)
Ga0004748_15	9829	10542	0	color=(227,119,194)
Ga0004748_12	159349	160500	0	color=(227,119,194)
Ga0004748_15	1492000	1492512	0	color=(227,119,194)
Ga0004748_12	165727	167142	0	color=(227,119,194)
Ga0004748_12	162605	162859	0	color=(227,119,194)
Ga0004748_11	587748	588716	0	color=(227,119,194)
Ga0004748_11	943879	944622	0	color=(227,119,194)
Ga0004748_12	158867	159352	0	color=(227,119,194)
Ga0004748_11	585236	585595	0	color=(227,119,194)
Ga0004748_11	1048627	1049022	0	color=(227,119,194)
Ga0004748_12	162856	163539	0	color=(227,119,194)
Ga0004748_14	4809	5435	0	color=(227,119,194)
Ga0004748_15	1007266	1007898	0	color=(227,119,194)
Ga0004748_15	2387601	2389208	0	color=(227,119,194)
Ga0004748_15	714281	716137	0	color=(227,119,194)
Ga0004748_16	111277	111819	0	color=(227,119,194)
Ga0004748_12	160497	161804	0	color=(227,119,194)
Ga0004748_12	161893	162612	0	color=(227,119,194)
Ga0004748_15	2532063	2533352	0	color=(227,119,194)
Ga0004748_12	109293	110840	0	color=(227,119,194)
Ga0004748_14	17806	18654	0	color=(227,119,194)
Ga0004748_13	157968	158156	0	color=(247,182,210)
Ga0004748_15	1194996	1195346	0	color=(247,182,210)
Ga0004748_11	675893	677164	0	color=(247,182,210)
Ga0004748_15	698255	699292	0	color=(247,182,210)
Ga0004748_15	1288557	1289006	0	color=(247,182,210)
Ga0004748_15	469876	470271	0	color=(247,182,210)
Ga0004748_15	2443745	2444437	0	color=(247,182,210)
Ga0004748_15	745501	747033	0	color=(247,182,210)
Ga0004748_15	566135	566323	0	color=(247,182,210)
Ga0004748_15	1740181	1741179	0	color=(247,182,210)
Ga0004748_16	128901	129917	0	color=(247,182,210)
Ga0004748_15	949242	950021	0	color=(247,182,210)
Ga0004748_15	2335543	2335941	0	color=(247,182,210)
Ga0004748_15	1194555	1194995	0	color=(247,182,210)
Ga0004748_11	1172433	1172720	0	color=(247,182,210)
Ga0004748_11	1875923	1876405	0	color=(247,182,210)
Ga0004748_15	1946442	1947173	0	color=(247,182,210)
Ga0004748_11	747023	748003	0	color=(247,182,210)
Ga0004748_15	2062005	2062370	0	color=(247,182,210)
Ga0004748_14	9617	9901	0	color=(247,182,210)
Ga0004748_15	2204449	2205378	0	color=(247,182,210)
Ga0004748_15	2242374	2243504	0	color=(247,182,210)
Ga0004748_11	1856364	1858151	0	color=(247,182,210)
Ga0004748_15	2521688	2523706	0	color=(247,182,210)
Ga0004748_11	1654818	1657223	0	color=(247,182,210)
Ga0004748_12	251843	252292	0	color=(247,182,210)
Ga0004748_16	101052	101762	0	color=(247,182,210)
Ga0004748_15	1167811	1169103	0	color=(247,182,210)
Ga0004748_12	200797	202164	0	color=(247,182,210)
Ga0004748_15	2354960	2357689	0	color=(247,182,210)
Ga0004748_15	1660435	1662198	0	color=(247,182,210)
Ga0004748_16	200435	202414	0	color=(247,182,210)
Ga0004748_11	1145756	1146757	0	color=(247,182,210)
Ga0004748_15	2400125	2402803	0	color=(247,182,210)
Ga0004748_15	1051773	1052279	0	color=(247,182,210)
Ga0004748_15	1087657	1089501	0	color=(247,182,210)
Ga0004748_11	166277	167746	0	color=(247,182,210)
Ga0004748_14	26964	27500	0	color=(247,182,210)
Ga0004748_11	1807076	1807354	0	color=(247,182,210)
Ga0004748_11	1423624	1425003	0	color=(247,182,210)
Ga0004748_15	1361574	1362230	0	color=(247,182,210)
Ga0004748_15	1483286	1483927	0	color=(247,182,210)
Ga0004748_15	596585	596737	0	color=(247,182,210)
Ga0004748_11	1591111	1591389	0	color=(247,182,210)
Ga0004748_17	24967	25353	0	color=(247,182,210)
Ga0004748_11	552360	552812	0	color=(247,182,210)
Ga0004748_15	611446	614175	0	color=(247,182,210)
Ga0004748_13	261945	262412	0	color=(247,182,210)
Ga0004748_11	1816080	1816562	0	color=(247,182,210)
Ga0004748_15	1407318	1408334	0	color=(247,182,210)
Ga0004748_15	2528717	2530558	0	color=(247,182,210)
Ga0004748_15	1278273	1280345	0	color=(247,182,210)
Ga0004748_13	362067	362255	0	color=(247,182,210)
Ga0004748_11	263681	264019	0	color=(247,182,210)
Ga0004748_16	103641	105344	0	color=(247,182,210)
Ga0004748_11	289826	290071	0	color=(247,182,210)
Ga0004748_11	444391	444786	0	color=(247,182,210)
Ga0004748_11	255345	255482	0	color=(247,182,210)
Ga0004748_13	25985	26434	0	color=(247,182,210)
Ga0004748_16	208262	208981	0	color=(247,182,210)
Ga0004748_15	2470943	2471998	0	color=(247,182,210)
Ga0004748_14	17806	18654	0	color=(247,182,210)
Ga0004748_15	2319903	2320811	0	color=(247,182,210)
Ga0004748_15	807287	807511	0	color=(247,182,210)
Ga0004748_15	1652657	1653118	0	color=(247,182,210)
Ga0004748_15	839134	841854	0	color=(247,182,210)
Ga0004748_11	839565	839753	0	color=(247,182,210)
Ga0004748_15	792916	793536	0	color=(247,182,210)
Ga0004748_11	53954	55153	0	color=(247,182,210)
Ga0004748_13	247380	247751	0	color=(247,182,210)
Ga0004748_15	2257406	2257708	0	color=(127,127,127)
Ga0004748_12	337428	338930	0	color=(127,127,127)
Ga0004748_16	103641	105344	0	color=(127,127,127)
Ga0004748_16	200435	202414	0	color=(127,127,127)
Ga0004748_15	1173271	1175334	0	color=(127,127,127)
Ga0004748_16	99483	100910	0	color=(127,127,127)
Ga0004748_13	183284	184195	0	color=(127,127,127)
Ga0004748_15	2204449	2205378	0	color=(127,127,127)
Ga0004748_13	185053	186039	0	color=(127,127,127)
Ga0004748_15	2260133	2261434	0	color=(127,127,127)
Ga0004748_11	90375	91739	0	color=(127,127,127)
Ga0004748_15	1172872	1173135	0	color=(127,127,127)
Ga0004748_15	2256082	2257389	0	color=(127,127,127)
Ga0004748_15	810257	812113	0	color=(127,127,127)
Ga0004748_11	63957	65267	0	color=(127,127,127)
Ga0004748_13	187965	188216	0	color=(127,127,127)
Ga0004748_15	1167811	1169103	0	color=(127,127,127)
Ga0004748_15	2354960	2357689	0	color=(127,127,127)
Ga0004748_15	611446	614175	0	color=(127,127,127)
Ga0004748_12	262641	264278	0	color=(127,127,127)
Ga0004748_15	2400125	2402803	0	color=(127,127,127)
Ga0004748_15	839134	841854	0	color=(127,127,127)
Ga0004748_15	2261449	2261751	0	color=(127,127,127)
Ga0004748_11	1558728	1560011	0	color=(127,127,127)
Ga0004748_15	2470943	2471998	0	color=(127,127,127)
Ga0004748_15	2194825	2195073	0	color=(127,127,127)
Ga0004748_13	28858	30813	0	color=(127,127,127)
Ga0004748_15	2371616	2372113	0	color=(127,127,127)
Ga0004748_15	1528718	1530106	0	color=(199,199,199)
Ga0004748_14	78776	79309	0	color=(199,199,199)
Ga0004748_15	1463402	1463929	0	color=(199,199,199)
Ga0004748_14	108818	109762	0	color=(199,199,199)
Ga0004748_15	1946442	1947173	0	color=(199,199,199)
Ga0004748_15	1295565	1295957	0	color=(199,199,199)
Ga0004748_15	993867	994079	0	color=(199,199,199)
Ga0004748_15	2181737	2183044	0	color=(199,199,199)
Ga0004748_15	1028405	1029274	0	color=(199,199,199)
Ga0004748_15	1193784	1194542	0	color=(199,199,199)
Ga0004748_15	1384399	1385526	0	color=(199,199,199)
Ga0004748_14	77490	78149	0	color=(199,199,199)
Ga0004748_15	1104749	1106416	0	color=(199,199,199)
Ga0004748_15	488315	489037	0	color=(199,199,199)
Ga0004748_15	898695	900365	0	color=(199,199,199)
Ga0004748_15	2551446	2551793	0	color=(199,199,199)
Ga0004748_15	2168109	2170541	0	color=(199,199,199)
Ga0004748_15	933577	934683	0	color=(199,199,199)
Ga0004748_14	13521	14078	0	color=(199,199,199)
Ga0004748_15	1768088	1768633	0	color=(199,199,199)
Ga0004748_14	86470	90081	0	color=(199,199,199)
Ga0004748_15	2389466	2389999	0	color=(199,199,199)
Ga0004748_15	971293	972030	0	color=(199,199,199)
Ga0004748_15	1251855	1252778	0	color=(199,199,199)
Ga0004748_15	1427155	1427868	0	color=(199,199,199)
Ga0004748_15	878064	879629	0	color=(199,199,199)
Ga0004748_14	82899	86432	0	color=(199,199,199)
Ga0004748_15	1566063	1566800	0	color=(199,199,199)
Ga0004748_15	925566	927704	0	color=(199,199,199)
Ga0004748_15	930260	930616	0	color=(199,199,199)
Ga0004748_15	963492	964007	0	color=(199,199,199)
Ga0004748_15	1029342	1030061	0	color=(199,199,199)
Ga0004748_15	2381158	2382429	0	color=(199,199,199)
Ga0004748_11	774507	775829	0	color=(188,189,34)
Ga0004748_12	219302	220723	0	color=(188,189,34)
Ga0004748_11	198848	200167	0	color=(188,189,34)
Ga0004748_15	318518	319996	0	color=(188,189,34)
Ga0004748_11	188410	189381	0	color=(188,189,34)
Ga0004748_12	47434	48108	0	color=(188,189,34)
Ga0004748_11	187425	188417	0	color=(188,189,34)
Ga0004748_15	2119739	2120920	0	color=(188,189,34)
Ga0004748_15	996019	998742	0	color=(188,189,34)
Ga0004748_11	549480	550799	0	color=(188,189,34)
Ga0004748_15	585465	586568	0	color=(188,189,34)
Ga0004748_11	18854	19435	0	color=(188,189,34)
Ga0004748_12	337428	338930	0	color=(188,189,34)
Ga0004748_11	90375	91739	0	color=(188,189,34)
Ga0004748_15	2252271	2253452	0	color=(188,189,34)
Ga0004748_11	908528	909427	0	color=(188,189,34)
Ga0004748_15	748990	750468	0	color=(188,189,34)
Ga0004748_11	86791	87978	0	color=(188,189,34)
Ga0004748_11	1402041	1402988	0	color=(188,189,34)
Ga0004748_11	608074	609432	0	color=(188,189,34)
Ga0004748_15	1365210	1366127	0	color=(188,189,34)
Ga0004748_16	13387	14553	0	color=(188,189,34)
Ga0004748_12	207863	209059	0	color=(188,189,34)
Ga0004748_15	680879	682015	0	color=(188,189,34)
Ga0004748_15	1775091	1776530	0	color=(188,189,34)
Ga0004748_12	247744	248436	0	color=(188,189,34)
Ga0004748_15	1639517	1641316	0	color=(188,189,34)
Ga0004748_15	586565	587692	0	color=(188,189,34)
Ga0004748_11	1393760	1395109	0	color=(188,189,34)
Ga0004748_16	96650	97774	0	color=(188,189,34)
Ga0004748_11	364211	365038	0	color=(188,189,34)
Ga0004748_15	2121424	2122605	0	color=(188,189,34)
Ga0004748_11	561219	562976	0	color=(188,189,34)
Ga0004748_15	1796607	1797692	0	color=(188,189,34)
Ga0004748_13	112265	113368	0	color=(188,189,34)
Ga0004748_11	1431147	1432028	0	color=(188,189,34)
Ga0004748_15	1016928	1018220	0	color=(188,189,34)
Ga0004748_12	46282	47133	0	color=(188,189,34)
Ga0004748_11	1458919	1459551	0	color=(188,189,34)
Ga0004748_15	2255576	2255899	0	color=(188,189,34)
Ga0004748_12	309551	311476	0	color=(188,189,34)
Ga0004748_11	823836	825386	0	color=(188,189,34)
Ga0004748_15	1254465	1257170	0	color=(188,189,34)
Ga0004748_15	1901359	1902030	0	color=(188,189,34)
Ga0004748_11	228748	230223	0	color=(188,189,34)
Ga0004748_11	1693938	1695257	0	color=(188,189,34)
Ga0004748_15	671236	672015	0	color=(188,189,34)
Ga0004748_15	2261449	2261751	0	color=(188,189,34)
Ga0004748_16	37056	38357	0	color=(188,189,34)
Ga0004748_15	816560	817954	0	color=(188,189,34)
Ga0004748_12	77287	78702	0	color=(188,189,34)
Ga0004748_15	1173271	1175334	0	color=(188,189,34)
Ga0004748_15	466279	467649	0	color=(188,189,34)
Ga0004748_16	138413	140779	0	color=(188,189,34)
Ga0004748_11	363123	364178	0	color=(188,189,34)
Ga0004748_15	1202785	1203747	0	color=(188,189,34)
Ga0004748_11	1660190	1661269	0	color=(188,189,34)
Ga0004748_11	63246	63566	0	color=(188,189,34)
Ga0004748_11	438036	439079	0	color=(188,189,34)
Ga0004748_12	70326	71291	0	color=(188,189,34)
Ga0004748_15	1363364	1364230	0	color=(188,189,34)
Ga0004748_11	965229	966977	0	color=(188,189,34)
Ga0004748_13	108431	109756	0	color=(188,189,34)
Ga0004748_11	1639523	1640716	0	color=(188,189,34)
Ga0004748_15	266134	267174	0	color=(188,189,34)
Ga0004748_11	1702630	1703958	0	color=(188,189,34)
Ga0004748_11	1641993	1643408	0	color=(188,189,34)
Ga0004748_16	9409	10311	0	color=(188,189,34)
Ga0004748_11	1659105	1660187	0	color=(188,189,34)
Ga0004748_13	183284	184195	0	color=(188,189,34)
Ga0004748_11	137497	138195	0	color=(188,189,34)
Ga0004748_11	297592	298413	0	color=(188,189,34)
Ga0004748_15	2259806	2260123	0	color=(188,189,34)
Ga0004748_15	2504179	2505477	0	color=(188,189,34)
Ga0004748_11	15066	16733	0	color=(188,189,34)
Ga0004748_12	243053	244354	0	color=(188,189,34)
Ga0004748_16	7524	8444	0	color=(188,189,34)
Ga0004748_11	38508	39590	0	color=(188,189,34)
Ga0004748_11	614831	616174	0	color=(188,189,34)
Ga0004748_16	127536	128714	0	color=(188,189,34)
Ga0004748_15	2310036	2311229	0	color=(188,189,34)
Ga0004748_15	1780038	1780895	0	color=(188,189,34)
Ga0004748_11	56502	58157	0	color=(188,189,34)
Ga0004748_12	262641	264278	0	color=(188,189,34)
Ga0004748_15	1898764	1900752	0	color=(188,189,34)
Ga0004748_13	294827	296209	0	color=(188,189,34)
Ga0004748_15	664916	665857	0	color=(188,189,34)
Ga0004748_11	74642	75958	0	color=(188,189,34)
Ga0004748_12	272580	273893	0	color=(188,189,34)
Ga0004748_12	35337	36347	0	color=(188,189,34)
Ga0004748_15	679781	680878	0	color=(188,189,34)
Ga0004748_11	85189	86592	0	color=(188,189,34)
Ga0004748_12	45564	46214	0	color=(188,189,34)
Ga0004748_16	95563	96669	0	color=(188,189,34)
Ga0004748_11	916465	917868	0	color=(188,189,34)
Ga0004748_15	1928126	1929451	0	color=(188,189,34)
Ga0004748_11	110564	111664	0	color=(188,189,34)
Ga0004748_12	319630	320685	0	color=(188,189,34)
Ga0004748_11	559121	560197	0	color=(188,189,34)
Ga0004748_11	556868	558217	0	color=(188,189,34)
Ga0004748_15	1362520	1363335	0	color=(188,189,34)
Ga0004748_11	560217	561218	0	color=(188,189,34)
Ga0004748_15	1364232	1365182	0	color=(188,189,34)
Ga0004748_11	1018494	1019789	0	color=(188,189,34)
Ga0004748_11	660946	662301	0	color=(188,189,34)
Ga0004748_16	8447	9337	0	color=(188,189,34)
Ga0004748_14	111082	111963	0	color=(188,189,34)
Ga0004748_11	1046074	1047255	0	color=(188,189,34)
Ga0004748_11	412447	413679	0	color=(188,189,34)
Ga0004748_15	2257406	2257708	0	color=(188,189,34)
Ga0004748_11	829743	831098	0	color=(188,189,34)
Ga0004748_13	2694	4457	0	color=(188,189,34)
Ga0004748_13	185053	186039	0	color=(188,189,34)
Ga0004748_11	440122	441567	0	color=(188,189,34)
Ga0004748_15	1795537	1796637	0	color=(188,189,34)
Ga0004748_11	2019005	2020210	0	color=(188,189,34)
Ga0004748_13	303965	304813	0	color=(188,189,34)
Ga0004748_15	1126226	1127767	0	color=(188,189,34)
Ga0004748_11	37391	38491	0	color=(188,189,34)
Ga0004748_13	28858	30813	0	color=(188,189,34)
Ga0004748_11	26433	27083	0	color=(188,189,34)
Ga0004748_15	1495001	1495894	0	color=(188,189,34)
Ga0004748_11	481270	482748	0	color=(188,189,34)
Ga0004748_15	2312429	2313763	0	color=(188,189,34)
Ga0004748_15	1234832	1236205	0	color=(188,189,34)
Ga0004748_11	285393	286019	0	color=(188,189,34)
Ga0004748_15	113596	114789	0	color=(188,189,34)
Ga0004748_11	70584	71687	0	color=(188,189,34)
Ga0004748_16	68670	70019	0	color=(188,189,34)
Ga0004748_12	69349	70329	0	color=(188,189,34)
Ga0004748_16	70301	71320	0	color=(188,189,34)
Ga0004748_16	88850	89506	0	color=(188,189,34)
Ga0004748_11	524583	525566	0	color=(188,189,34)
Ga0004748_15	463194	464957	0	color=(188,189,34)
Ga0004748_16	99483	100910	0	color=(188,189,34)
Ga0004748_15	824932	825138	0	color=(188,189,34)
Ga0004748_12	48114	48920	0	color=(188,189,34)
Ga0004748_11	922667	924076	0	color=(188,189,34)
Ga0004748_15	1264381	1265040	0	color=(188,189,34)
Ga0004748_11	1913587	1914795	0	color=(188,189,34)
Ga0004748_11	365921	366994	0	color=(188,189,34)
Ga0004748_16	119521	120870	0	color=(188,189,34)
Ga0004748_15	2260133	2261434	0	color=(188,189,34)
Ga0004748_16	190850	192400	0	color=(188,189,34)
Ga0004748_14	110264	111106	0	color=(188,189,34)
Ga0004748_13	113365	114492	0	color=(188,189,34)
Ga0004748_16	122385	124004	0	color=(188,189,34)
Ga0004748_15	2288450	2289661	0	color=(188,189,34)
Ga0004748_15	2292651	2294165	0	color=(188,189,34)
Ga0004748_15	2256082	2257389	0	color=(188,189,34)
Ga0004748_16	14537	15661	0	color=(188,189,34)
Ga0004748_11	1481440	1482870	0	color=(188,189,34)
Ga0004748_15	1578517	1579182	0	color=(188,189,34)
Ga0004748_13	187243	187947	0	color=(188,189,34)
Ga0004748_15	2371616	2372113	0	color=(188,189,34)
Ga0004748_11	63957	65267	0	color=(188,189,34)
Ga0004748_15	810257	812113	0	color=(188,189,34)
Ga0004748_15	2279020	2280681	0	color=(188,189,34)
Ga0004748_12	248555	249349	0	color=(188,189,34)
Ga0004748_16	38611	39996	0	color=(188,189,34)
Ga0004748_15	787426	788220	0	color=(188,189,34)
Ga0004748_15	822416	824836	0	color=(188,189,34)
Ga0004748_12	254922	256337	0	color=(188,189,34)
Ga0004748_11	1558728	1560011	0	color=(188,189,34)
Ga0004748_11	1084674	1086032	0	color=(188,189,34)
Ga0004748_15	1620454	1621779	0	color=(188,189,34)
Ga0004748_15	445522	446847	0	color=(188,189,34)
Ga0004748_16	66309	67922	0	color=(188,189,34)
Ga0004748_11	16747	18837	0	color=(188,189,34)
Ga0004748_16	179307	180611	0	color=(188,189,34)
Ga0004748_11	1638435	1639526	0	color=(188,189,34)
Ga0004748_11	884396	885121	0	color=(188,189,34)
Ga0004748_16	88205	88849	0	color=(188,189,34)
Ga0004748_15	820531	821346	0	color=(188,189,34)
Ga0004748_15	51331	52317	0	color=(188,189,34)
Ga0004748_15	682090	683472	0	color=(188,189,34)
Ga0004748_11	547337	548188	0	color=(188,189,34)
Ga0004748_11	1217194	1218540	0	color=(188,189,34)
Ga0004748_11	827333	828496	0	color=(188,189,34)
Ga0004748_11	1404717	1406144	0	color=(188,189,34)
Ga0004748_15	248763	250286	0	color=(188,189,34)
Ga0004748_15	1582249	1583076	0	color=(188,189,34)
Ga0004748_15	786623	787426	0	color=(188,189,34)
Ga0004748_15	657837	659270	0	color=(188,189,34)
Ga0004748_15	21252	22787	0	color=(188,189,34)
Ga0004748_15	2505530	2507098	0	color=(188,189,34)
Ga0004748_11	1467643	1468845	0	color=(188,189,34)
Ga0004748_15	789086	790024	0	color=(188,189,34)
Ga0004748_11	1471494	1473110	0	color=(188,189,34)
Ga0004748_15	1361574	1362230	0	color=(188,189,34)
Ga0004748_16	141497	142912	0	color=(188,189,34)
Ga0004748_15	788217	788990	0	color=(188,189,34)
Ga0004748_11	365050	365907	0	color=(188,189,34)
Ga0004748_15	2453304	2454125	0	color=(219,219,141)
Ga0004748_15	2145043	2145399	0	color=(219,219,141)
Ga0004748_11	710558	711538	0	color=(219,219,141)
Ga0004748_15	384654	385133	0	color=(219,219,141)
Ga0004748_15	1027019	1027837	0	color=(219,219,141)
Ga0004748_11	1426632	1426904	0	color=(219,219,141)
Ga0004748_15	960703	961593	0	color=(219,219,141)
Ga0004748_13	119710	120330	0	color=(219,219,141)
Ga0004748_15	2454335	2454628	0	color=(219,219,141)
Ga0004748_15	2144612	2145046	0	color=(219,219,141)
Ga0004748_15	2023907	2024248	0	color=(219,219,141)
Ga0004748_12	226945	227988	0	color=(219,219,141)
Ga0004748_15	1390925	1391830	0	color=(219,219,141)
Ga0004748_15	1846497	1847168	0	color=(219,219,141)
Ga0004748_15	877107	877901	0	color=(219,219,141)
Ga0004748_11	1855091	1855942	0	color=(219,219,141)
Ga0004748_15	2202894	2203544	0	color=(219,219,141)
Ga0004748_12	280111	280431	0	color=(219,219,141)
Ga0004748_15	477539	478288	0	color=(219,219,141)
Ga0004748_12	308497	309363	0	color=(219,219,141)
Ga0004748_15	1907786	1908688	0	color=(219,219,141)
Ga0004748_15	2465304	2465999	0	color=(219,219,141)
Ga0004748_15	1176688	1177494	0	color=(219,219,141)
Ga0004748_15	1422718	1423011	0	color=(219,219,141)
Ga0004748_15	1932058	1933161	0	color=(219,219,141)
Ga0004748_11	55468	56463	0	color=(219,219,141)
Ga0004748_15	930910	932976	0	color=(219,219,141)
Ga0004748_12	198419	199162	0	color=(219,219,141)
Ga0004748_14	12538	13305	0	color=(219,219,141)
Ga0004748_11	562998	563792	0	color=(219,219,141)
Ga0004748_15	2241664	2242299	0	color=(219,219,141)
Ga0004748_11	1737160	1737768	0	color=(219,219,141)
Ga0004748_11	579479	580141	0	color=(219,219,141)
Ga0004748_11	970183	971442	0	color=(219,219,141)
Ga0004748_14	48188	49186	0	color=(219,219,141)
Ga0004748_16	11075	11797	0	color=(219,219,141)
Ga0004748_15	328610	329530	0	color=(219,219,141)
Ga0004748_15	1469479	1469892	0	color=(219,219,141)
Ga0004748_12	321599	322726	0	color=(219,219,141)
Ga0004748_15	1475738	1478074	0	color=(219,219,141)
Ga0004748_11	1229803	1230579	0	color=(219,219,141)
Ga0004748_15	1186087	1186890	0	color=(219,219,141)
Ga0004748_15	14216	15076	0	color=(219,219,141)
Ga0004748_14	91686	93764	0	color=(219,219,141)
Ga0004748_11	153572	154444	0	color=(219,219,141)
Ga0004748_15	1087657	1089501	0	color=(219,219,141)
Ga0004748_14	29345	30805	0	color=(219,219,141)
Ga0004748_15	1381665	1382786	0	color=(219,219,141)
Ga0004748_11	1805529	1805795	0	color=(219,219,141)
Ga0004748_11	718522	719832	0	color=(219,219,141)
Ga0004748_15	1156904	1157965	0	color=(219,219,141)
Ga0004748_15	1410164	1411987	0	color=(219,219,141)
Ga0004748_11	1352609	1353082	0	color=(219,219,141)
Ga0004748_15	1103211	1103984	0	color=(219,219,141)
Ga0004748_15	1162979	1163638	0	color=(219,219,141)
Ga0004748_15	1415710	1418031	0	color=(219,219,141)
Ga0004748_13	77519	78184	0	color=(219,219,141)
Ga0004748_11	881402	882700	0	color=(219,219,141)
Ga0004748_15	462760	462921	0	color=(219,219,141)
Ga0004748_11	1185107	1186108	0	color=(219,219,141)
Ga0004748_15	469096	469509	0	color=(219,219,141)
Ga0004748_15	1421451	1422020	0	color=(219,219,141)
Ga0004748_15	2548409	2549785	0	color=(219,219,141)
Ga0004748_15	1525692	1526978	0	color=(219,219,141)
Ga0004748_15	1006551	1007228	0	color=(219,219,141)
Ga0004748_11	1891833	1892639	0	color=(219,219,141)
Ga0004748_11	1354640	1355167	0	color=(219,219,141)
Ga0004748_13	96629	97048	0	color=(219,219,141)
Ga0004748_12	57775	58539	0	color=(219,219,141)
Ga0004748_15	2240585	2241427	0	color=(219,219,141)
Ga0004748_15	717385	717804	0	color=(219,219,141)
Ga0004748_12	71327	72199	0	color=(219,219,141)
Ga0004748_11	1946787	1947479	0	color=(219,219,141)
Ga0004748_15	1773535	1774806	0	color=(219,219,141)
Ga0004748_15	1946442	1947173	0	color=(219,219,141)
Ga0004748_15	1289149	1289988	0	color=(219,219,141)
Ga0004748_15	1026348	1027022	0	color=(219,219,141)
Ga0004748_11	421339	422148	0	color=(219,219,141)
Ga0004748_11	683120	685699	0	color=(219,219,141)
Ga0004748_15	1782	3521	0	color=(219,219,141)
Ga0004748_11	2005873	2006274	0	color=(219,219,141)
Ga0004748_15	1481252	1481668	0	color=(219,219,141)
Ga0004748_12	234268	234498	0	color=(219,219,141)
Ga0004748_15	1552919	1553515	0	color=(219,219,141)
Ga0004748_15	1211525	1212064	0	color=(219,219,141)
Ga0004748_15	1811423	1812382	0	color=(219,219,141)
Ga0004748_14	93882	95069	0	color=(219,219,141)
Ga0004748_15	406178	406888	0	color=(219,219,141)
Ga0004748_11	2051506	2051871	0	color=(219,219,141)
Ga0004748_15	1564926	1565432	0	color=(219,219,141)
Ga0004748_11	1348052	1348714	0	color=(219,219,141)
Ga0004748_15	1310224	1310931	0	color=(219,219,141)
Ga0004748_15	799119	800393	0	color=(219,219,141)
Ga0004748_15	2036772	2037539	0	color=(219,219,141)
Ga0004748_11	1358661	1359302	0	color=(219,219,141)
Ga0004748_13	47289	47963	0	color=(219,219,141)
Ga0004748_15	1585757	1586203	0	color=(219,219,141)
Ga0004748_15	2539765	2540865	0	color=(219,219,141)
Ga0004748_15	134958	135536	0	color=(219,219,141)
Ga0004748_11	1370208	1371071	0	color=(219,219,141)
Ga0004748_15	159848	161791	0	color=(219,219,141)
Ga0004748_15	2340304	2341323	0	color=(219,219,141)
Ga0004748_15	200450	201439	0	color=(219,219,141)
Ga0004748_15	1356671	1357654	0	color=(219,219,141)
Ga0004748_13	313512	314630	0	color=(219,219,141)
Ga0004748_12	49081	50001	0	color=(219,219,141)
Ga0004748_15	1424976	1425488	0	color=(219,219,141)
Ga0004748_15	1743923	1744249	0	color=(219,219,141)
Ga0004748_15	2079766	2080068	0	color=(219,219,141)
Ga0004748_12	197373	198278	0	color=(219,219,141)
