Ga0004748_11	3543	3881	0	color=(64,142,201)
Ga0004748_11	7085	7837	0	color=(64,142,201)
Ga0004748_11	15066	16733	0	color=(64,142,201)
Ga0004748_11	16747	18837	0	color=(64,142,201)
Ga0004748_11	18854	19435	0	color=(64,142,201)
Ga0004748_11	20671	21852	0	color=(64,142,201)
Ga0004748_11	23634	24029	0	color=(64,142,201)
Ga0004748_11	24117	25190	0	color=(64,142,201)
Ga0004748_11	25200	26432	0	color=(64,142,201)
Ga0004748_11	27116	27319	0	color=(64,142,201)
Ga0004748_11	27375	27647	0	color=(64,142,201)
Ga0004748_11	27673	28668	0	color=(64,142,201)
Ga0004748_11	31531	32832	0	color=(64,142,201)
Ga0004748_11	34833	35084	0	color=(64,142,201)
Ga0004748_11	35405	35857	0	color=(64,142,201)
Ga0004748_11	35870	36289	0	color=(64,142,201)
Ga0004748_11	37391	38491	0	color=(64,142,201)
Ga0004748_11	39587	41104	0	color=(64,142,201)
Ga0004748_11	41230	41826	0	color=(64,142,201)
Ga0004748_11	45710	46678	0	color=(64,142,201)
Ga0004748_11	51278	51637	0	color=(64,142,201)
Ga0004748_11	52531	53295	0	color=(64,142,201)
Ga0004748_11	53954	55153	0	color=(64,142,201)
Ga0004748_11	56502	58157	0	color=(64,142,201)
Ga0004748_11	58508	59710	0	color=(64,142,201)
Ga0004748_11	63957	65267	0	color=(64,142,201)
Ga0004748_11	65243	65521	0	color=(64,142,201)
Ga0004748_11	68735	69910	0	color=(64,142,201)
Ga0004748_11	70584	71687	0	color=(64,142,201)
Ga0004748_11	71899	72633	0	color=(64,142,201)
Ga0004748_11	72722	73588	0	color=(64,142,201)
Ga0004748_11	73590	74594	0	color=(64,142,201)
Ga0004748_11	74642	75958	0	color=(64,142,201)
Ga0004748_11	79670	79951	0	color=(64,142,201)
Ga0004748_11	79963	80568	0	color=(64,142,201)
Ga0004748_11	82235	84694	0	color=(64,142,201)
Ga0004748_11	84774	84977	0	color=(64,142,201)
Ga0004748_11	84990	85160	0	color=(64,142,201)
Ga0004748_11	85189	86592	0	color=(64,142,201)
Ga0004748_11	86791	87978	0	color=(64,142,201)
Ga0004748_11	88103	88417	0	color=(64,142,201)
Ga0004748_11	90375	91739	0	color=(64,142,201)
Ga0004748_11	93017	93421	0	color=(64,142,201)
Ga0004748_11	93977	94462	0	color=(64,142,201)
Ga0004748_11	94497	95459	0	color=(64,142,201)
Ga0004748_11	98449	98793	0	color=(64,142,201)
Ga0004748_11	98796	99110	0	color=(64,142,201)
Ga0004748_11	100054	101256	0	color=(64,142,201)
Ga0004748_11	103642	105852	0	color=(64,142,201)
Ga0004748_11	109202	110287	0	color=(64,142,201)
Ga0004748_11	110564	111664	0	color=(64,142,201)
Ga0004748_11	112338	113516	0	color=(64,142,201)
Ga0004748_11	114500	115867	0	color=(64,142,201)
Ga0004748_11	116180	117187	0	color=(64,142,201)
Ga0004748_11	118326	118865	0	color=(64,142,201)
Ga0004748_11	121344	122600	0	color=(64,142,201)
Ga0004748_11	122645	122848	0	color=(64,142,201)
Ga0004748_11	125984	127183	0	color=(64,142,201)
Ga0004748_11	127244	128668	0	color=(64,142,201)
Ga0004748_11	132676	134436	0	color=(64,142,201)
Ga0004748_11	134433	136433	0	color=(64,142,201)
Ga0004748_11	137497	138195	0	color=(64,142,201)
Ga0004748_11	142581	143726	0	color=(64,142,201)
Ga0004748_11	144805	147108	0	color=(64,142,201)
Ga0004748_11	148945	149505	0	color=(64,142,201)
Ga0004748_11	154839	159410	0	color=(64,142,201)
Ga0004748_11	166277	167746	0	color=(64,142,201)
Ga0004748_11	168077	169597	0	color=(64,142,201)
Ga0004748_11	172886	174280	0	color=(64,142,201)
Ga0004748_11	176187	176366	0	color=(64,142,201)
Ga0004748_11	183948	185534	0	color=(64,142,201)
Ga0004748_11	185590	186540	0	color=(64,142,201)
Ga0004748_11	186547	187398	0	color=(64,142,201)
Ga0004748_11	191407	191718	0	color=(64,142,201)
Ga0004748_11	191779	192050	0	color=(64,142,201)
Ga0004748_11	194995	195519	0	color=(64,142,201)
Ga0004748_11	197006	197164	0	color=(64,142,201)
Ga0004748_11	198848	200167	0	color=(64,142,201)
Ga0004748_11	200393	201982	0	color=(64,142,201)
Ga0004748_11	220629	221396	0	color=(64,142,201)
Ga0004748_11	221596	222483	0	color=(64,142,201)
Ga0004748_11	225925	227355	0	color=(64,142,201)
Ga0004748_11	228748	230223	0	color=(64,142,201)
Ga0004748_11	230575	231135	0	color=(64,142,201)
Ga0004748_11	231227	231361	0	color=(64,142,201)
Ga0004748_11	232180	232767	0	color=(64,142,201)
Ga0004748_11	232824	233486	0	color=(64,142,201)
Ga0004748_11	233832	234209	0	color=(64,142,201)
Ga0004748_11	234305	235687	0	color=(64,142,201)
Ga0004748_11	236498	236623	0	color=(64,142,201)
Ga0004748_11	238838	239392	0	color=(64,142,201)
Ga0004748_11	239571	239837	0	color=(64,142,201)
Ga0004748_11	240719	241303	0	color=(64,142,201)
Ga0004748_11	241343	241714	0	color=(64,142,201)
Ga0004748_11	242516	243691	0	color=(64,142,201)
Ga0004748_11	244824	245459	0	color=(64,142,201)
Ga0004748_11	249303	249653	0	color=(64,142,201)
Ga0004748_11	253735	253899	0	color=(64,142,201)
Ga0004748_11	255345	255482	0	color=(64,142,201)
Ga0004748_11	260037	260276	0	color=(64,142,201)
Ga0004748_11	262851	263102	0	color=(64,142,201)
Ga0004748_11	267986	270676	0	color=(64,142,201)
Ga0004748_11	271369	271509	0	color=(64,142,201)
Ga0004748_11	271546	272076	0	color=(64,142,201)
Ga0004748_11	273225	273371	0	color=(64,142,201)
Ga0004748_11	273468	273773	0	color=(64,142,201)
Ga0004748_11	273829	275013	0	color=(64,142,201)
Ga0004748_11	280388	283312	0	color=(64,142,201)
Ga0004748_11	285393	286019	0	color=(64,142,201)
Ga0004748_11	291261	291461	0	color=(64,142,201)
Ga0004748_11	296256	296705	0	color=(64,142,201)
Ga0004748_11	297592	298413	0	color=(64,142,201)
Ga0004748_11	301932	302096	0	color=(64,142,201)
Ga0004748_11	303330	304595	0	color=(64,142,201)
Ga0004748_11	308957	309151	0	color=(64,142,201)
Ga0004748_11	310464	310826	0	color=(64,142,201)
Ga0004748_11	312740	313951	0	color=(64,142,201)
Ga0004748_11	313965	314672	0	color=(64,142,201)
Ga0004748_11	314713	314838	0	color=(64,142,201)
Ga0004748_11	315578	315745	0	color=(64,142,201)
Ga0004748_11	315825	316301	0	color=(64,142,201)
Ga0004748_11	316294	317745	0	color=(64,142,201)
Ga0004748_11	317945	318598	0	color=(64,142,201)
Ga0004748_11	318785	319222	0	color=(64,142,201)
Ga0004748_11	319559	319942	0	color=(64,142,201)
Ga0004748_11	321135	328535	0	color=(64,142,201)
Ga0004748_11	332334	333269	0	color=(64,142,201)
Ga0004748_11	333502	333978	0	color=(64,142,201)
Ga0004748_11	333971	335389	0	color=(64,142,201)
Ga0004748_11	336191	338308	0	color=(64,142,201)
Ga0004748_11	343574	345940	0	color=(64,142,201)
Ga0004748_11	346073	346372	0	color=(64,142,201)
Ga0004748_11	346458	347312	0	color=(64,142,201)
Ga0004748_11	347946	349895	0	color=(64,142,201)
Ga0004748_11	350958	354125	0	color=(64,142,201)
Ga0004748_11	354314	355027	0	color=(64,142,201)
Ga0004748_11	355451	355663	0	color=(64,142,201)
Ga0004748_11	364211	365038	0	color=(64,142,201)
Ga0004748_11	365050	365907	0	color=(64,142,201)
Ga0004748_11	368338	369444	0	color=(64,142,201)
Ga0004748_11	369517	370407	0	color=(64,142,201)
Ga0004748_11	371705	372829	0	color=(64,142,201)
Ga0004748_11	375451	377193	0	color=(64,142,201)
Ga0004748_11	378048	378896	0	color=(64,142,201)
Ga0004748_11	378898	379254	0	color=(64,142,201)
Ga0004748_11	379286	379585	0	color=(64,142,201)
Ga0004748_11	379814	381082	0	color=(64,142,201)
Ga0004748_11	381219	382946	0	color=(64,142,201)
Ga0004748_11	383561	384217	0	color=(64,142,201)
Ga0004748_11	389109	389603	0	color=(64,142,201)
Ga0004748_11	390841	391026	0	color=(64,142,201)
Ga0004748_11	392264	392857	0	color=(64,142,201)
Ga0004748_11	392914	393477	0	color=(64,142,201)
Ga0004748_11	404710	404991	0	color=(64,142,201)
Ga0004748_11	406443	406808	0	color=(64,142,201)
Ga0004748_11	412447	413679	0	color=(64,142,201)
Ga0004748_11	413899	415194	0	color=(64,142,201)
Ga0004748_11	416657	416845	0	color=(64,142,201)
Ga0004748_11	420012	420869	0	color=(64,142,201)
Ga0004748_11	425669	425851	0	color=(64,142,201)
Ga0004748_11	433591	433971	0	color=(64,142,201)
Ga0004748_11	436075	437004	0	color=(64,142,201)
Ga0004748_11	437001	438017	0	color=(64,142,201)
Ga0004748_11	440122	441567	0	color=(64,142,201)
Ga0004748_11	443594	443797	0	color=(64,142,201)
Ga0004748_11	444836	445510	0	color=(64,142,201)
Ga0004748_11	446612	448156	0	color=(64,142,201)
Ga0004748_11	459216	460376	0	color=(64,142,201)
Ga0004748_11	463340	464254	0	color=(64,142,201)
Ga0004748_11	473170	473529	0	color=(64,142,201)
Ga0004748_11	479309	480220	0	color=(64,142,201)
Ga0004748_11	480297	480692	0	color=(64,142,201)
Ga0004748_11	481270	482748	0	color=(64,142,201)
Ga0004748_11	490224	490583	0	color=(64,142,201)
Ga0004748_11	490698	492197	0	color=(64,142,201)
Ga0004748_11	492986	493819	0	color=(64,142,201)
Ga0004748_11	494016	494801	0	color=(64,142,201)
Ga0004748_11	494821	496056	0	color=(64,142,201)
Ga0004748_11	510229	510606	0	color=(64,142,201)
Ga0004748_11	510635	510817	0	color=(64,142,201)
Ga0004748_11	510950	511312	0	color=(64,142,201)
Ga0004748_11	511725	512321	0	color=(64,142,201)
Ga0004748_11	514786	516072	0	color=(64,142,201)
Ga0004748_11	516264	516833	0	color=(64,142,201)
Ga0004748_11	516898	517485	0	color=(64,142,201)
Ga0004748_11	518867	519460	0	color=(64,142,201)
Ga0004748_11	525563	526411	0	color=(64,142,201)
Ga0004748_11	526418	527218	0	color=(64,142,201)
Ga0004748_11	528366	529013	0	color=(64,142,201)
Ga0004748_11	529125	531317	0	color=(64,142,201)
Ga0004748_11	532952	533557	0	color=(64,142,201)
Ga0004748_11	540640	542040	0	color=(64,142,201)
Ga0004748_11	546261	546983	0	color=(64,142,201)
Ga0004748_11	547337	548188	0	color=(64,142,201)
Ga0004748_11	548391	549185	0	color=(64,142,201)
Ga0004748_11	549480	550799	0	color=(64,142,201)
Ga0004748_11	554471	555556	0	color=(64,142,201)
Ga0004748_11	556868	558217	0	color=(64,142,201)
Ga0004748_11	561219	562976	0	color=(64,142,201)
Ga0004748_11	571469	572239	0	color=(64,142,201)
Ga0004748_11	573031	574527	0	color=(64,142,201)
Ga0004748_11	577927	579135	0	color=(64,142,201)
Ga0004748_11	582352	582507	0	color=(64,142,201)
Ga0004748_11	587748	588716	0	color=(64,142,201)
Ga0004748_11	590004	590795	0	color=(64,142,201)
Ga0004748_11	591712	592488	0	color=(64,142,201)
Ga0004748_11	592736	593749	0	color=(64,142,201)
Ga0004748_11	598292	599467	0	color=(64,142,201)
Ga0004748_11	599772	600938	0	color=(64,142,201)
Ga0004748_11	602462	602608	0	color=(64,142,201)
Ga0004748_11	607056	607574	0	color=(64,142,201)
Ga0004748_11	607824	607997	0	color=(64,142,201)
Ga0004748_11	608074	609432	0	color=(64,142,201)
Ga0004748_11	609619	610410	0	color=(64,142,201)
Ga0004748_11	611063	611494	0	color=(64,142,201)
Ga0004748_11	612409	613644	0	color=(64,142,201)
Ga0004748_11	614831	616174	0	color=(64,142,201)
Ga0004748_11	616210	616584	0	color=(64,142,201)
Ga0004748_11	636971	637672	0	color=(64,142,201)
Ga0004748_11	637861	639747	0	color=(64,142,201)
Ga0004748_11	649810	651165	0	color=(64,142,201)
Ga0004748_11	651193	651351	0	color=(64,142,201)
Ga0004748_11	651453	652727	0	color=(64,142,201)
Ga0004748_11	653223	654497	0	color=(64,142,201)
Ga0004748_11	655240	656721	0	color=(64,142,201)
Ga0004748_11	656904	657260	0	color=(64,142,201)
Ga0004748_11	658077	658817	0	color=(64,142,201)
Ga0004748_11	658817	659872	0	color=(64,142,201)
Ga0004748_11	660946	662301	0	color=(64,142,201)
Ga0004748_11	662890	663099	0	color=(64,142,201)
Ga0004748_11	665074	665271	0	color=(64,142,201)
Ga0004748_11	665422	666519	0	color=(64,142,201)
Ga0004748_11	666634	667152	0	color=(64,142,201)
Ga0004748_11	669757	670557	0	color=(64,142,201)
Ga0004748_11	670675	671673	0	color=(64,142,201)
Ga0004748_11	672617	674659	0	color=(64,142,201)
Ga0004748_11	674739	675167	0	color=(64,142,201)
Ga0004748_11	679319	681133	0	color=(64,142,201)
Ga0004748_11	682327	683115	0	color=(64,142,201)
Ga0004748_11	683120	685699	0	color=(64,142,201)
Ga0004748_11	687919	689043	0	color=(64,142,201)
Ga0004748_11	689036	689632	0	color=(64,142,201)
Ga0004748_11	689629	690159	0	color=(64,142,201)
Ga0004748_11	691284	691805	0	color=(64,142,201)
Ga0004748_11	691927	693552	0	color=(64,142,201)
Ga0004748_11	693567	694724	0	color=(64,142,201)
Ga0004748_11	695743	697518	0	color=(64,142,201)
Ga0004748_11	699088	699774	0	color=(64,142,201)
Ga0004748_11	700325	700903	0	color=(64,142,201)
Ga0004748_11	704149	704715	0	color=(64,142,201)
Ga0004748_11	704738	705217	0	color=(64,142,201)
Ga0004748_11	705285	706061	0	color=(64,142,201)
Ga0004748_11	709301	709510	0	color=(64,142,201)
Ga0004748_11	709603	709839	0	color=(64,142,201)
Ga0004748_11	712726	712902	0	color=(64,142,201)
Ga0004748_11	716718	717329	0	color=(64,142,201)
Ga0004748_11	717322	718215	0	color=(64,142,201)
Ga0004748_11	721508	721711	0	color=(64,142,201)
Ga0004748_11	730148	731233	0	color=(64,142,201)
Ga0004748_11	735433	735945	0	color=(64,142,201)
Ga0004748_11	735946	736620	0	color=(64,142,201)
Ga0004748_11	736664	737431	0	color=(64,142,201)
Ga0004748_11	737553	738140	0	color=(64,142,201)
Ga0004748_11	738166	738852	0	color=(64,142,201)
Ga0004748_11	738959	739747	0	color=(64,142,201)
Ga0004748_11	739852	740532	0	color=(64,142,201)
Ga0004748_11	741304	742185	0	color=(64,142,201)
Ga0004748_11	748131	748520	0	color=(64,142,201)
Ga0004748_11	754543	755046	0	color=(64,142,201)
Ga0004748_11	758291	760984	0	color=(64,142,201)
Ga0004748_11	774507	775829	0	color=(64,142,201)
Ga0004748_11	775845	777008	0	color=(64,142,201)
Ga0004748_11	785783	786169	0	color=(64,142,201)
Ga0004748_11	789433	790626	0	color=(64,142,201)
Ga0004748_11	790627	791370	0	color=(64,142,201)
Ga0004748_11	791996	792634	0	color=(64,142,201)
Ga0004748_11	792691	794127	0	color=(64,142,201)
Ga0004748_11	794131	795345	0	color=(64,142,201)
Ga0004748_11	814087	814938	0	color=(64,142,201)
Ga0004748_11	815987	816892	0	color=(64,142,201)
Ga0004748_11	818417	818902	0	color=(64,142,201)
Ga0004748_11	821506	822249	0	color=(64,142,201)
Ga0004748_11	822641	823270	0	color=(64,142,201)
Ga0004748_11	823492	823833	0	color=(64,142,201)
Ga0004748_11	823836	825386	0	color=(64,142,201)
Ga0004748_11	827333	828496	0	color=(64,142,201)
Ga0004748_11	829743	831098	0	color=(64,142,201)
Ga0004748_11	831135	831800	0	color=(64,142,201)
Ga0004748_11	831962	832540	0	color=(64,142,201)
Ga0004748_11	832689	833006	0	color=(64,142,201)
Ga0004748_11	834433	835158	0	color=(64,142,201)
Ga0004748_11	835265	836485	0	color=(64,142,201)
Ga0004748_11	837083	838297	0	color=(64,142,201)
Ga0004748_11	838940	839059	0	color=(64,142,201)
Ga0004748_11	840556	841380	0	color=(64,142,201)
Ga0004748_11	841400	842077	0	color=(64,142,201)
Ga0004748_11	847983	848699	0	color=(64,142,201)
Ga0004748_11	856950	858524	0	color=(64,142,201)
Ga0004748_11	873753	874073	0	color=(64,142,201)
Ga0004748_11	874070	874828	0	color=(64,142,201)
Ga0004748_11	874862	875137	0	color=(64,142,201)
Ga0004748_11	875153	875914	0	color=(64,142,201)
Ga0004748_11	875925	876971	0	color=(64,142,201)
Ga0004748_11	876995	879061	0	color=(64,142,201)
Ga0004748_11	884396	885121	0	color=(64,142,201)
Ga0004748_11	885118	885423	0	color=(64,142,201)
Ga0004748_11	885486	885656	0	color=(64,142,201)
Ga0004748_11	888733	890001	0	color=(64,142,201)
Ga0004748_11	893757	895427	0	color=(64,142,201)
Ga0004748_11	897590	898012	0	color=(64,142,201)
Ga0004748_11	898235	898396	0	color=(64,142,201)
Ga0004748_11	898573	899664	0	color=(64,142,201)
Ga0004748_11	901729	902058	0	color=(64,142,201)
Ga0004748_11	906094	907200	0	color=(64,142,201)
Ga0004748_11	908528	909427	0	color=(64,142,201)
Ga0004748_11	910536	911501	0	color=(64,142,201)
Ga0004748_11	911637	911948	0	color=(64,142,201)
Ga0004748_11	913355	914332	0	color=(64,142,201)
Ga0004748_11	914346	915230	0	color=(64,142,201)
Ga0004748_11	916465	917868	0	color=(64,142,201)
Ga0004748_11	920692	921114	0	color=(64,142,201)
Ga0004748_11	922667	924076	0	color=(64,142,201)
Ga0004748_11	926148	926960	0	color=(64,142,201)
Ga0004748_11	927014	927727	0	color=(64,142,201)
Ga0004748_11	927746	928300	0	color=(64,142,201)
Ga0004748_11	928318	928998	0	color=(64,142,201)
Ga0004748_11	929116	929253	0	color=(64,142,201)
Ga0004748_11	930491	930658	0	color=(64,142,201)
Ga0004748_11	932888	934135	0	color=(64,142,201)
Ga0004748_11	934166	935122	0	color=(64,142,201)
Ga0004748_11	935119	936189	0	color=(64,142,201)
Ga0004748_11	936182	936625	0	color=(64,142,201)
Ga0004748_11	938032	939132	0	color=(64,142,201)
Ga0004748_11	940247	941356	0	color=(64,142,201)
Ga0004748_11	941358	942503	0	color=(64,142,201)
Ga0004748_11	942614	943825	0	color=(64,142,201)
Ga0004748_11	944999	946270	0	color=(64,142,201)
Ga0004748_11	949595	950884	0	color=(64,142,201)
Ga0004748_11	957229	957678	0	color=(64,142,201)
Ga0004748_11	960987	962612	0	color=(64,142,201)
Ga0004748_11	965229	966977	0	color=(64,142,201)
Ga0004748_11	967186	968460	0	color=(64,142,201)
Ga0004748_11	971654	972865	0	color=(64,142,201)
Ga0004748_11	976667	978004	0	color=(64,142,201)
Ga0004748_11	978044	978748	0	color=(64,142,201)
Ga0004748_11	979499	980185	0	color=(64,142,201)
Ga0004748_11	982193	982393	0	color=(64,142,201)
Ga0004748_11	991860	992087	0	color=(64,142,201)
Ga0004748_11	992140	993243	0	color=(64,142,201)
Ga0004748_11	993447	994163	0	color=(64,142,201)
Ga0004748_11	994332	995546	0	color=(64,142,201)
Ga0004748_11	1002575	1003786	0	color=(64,142,201)
Ga0004748_11	1005894	1007252	0	color=(64,142,201)
Ga0004748_11	1016425	1017501	0	color=(64,142,201)
Ga0004748_11	1017573	1018433	0	color=(64,142,201)
Ga0004748_11	1018494	1019789	0	color=(64,142,201)
Ga0004748_11	1021417	1022892	0	color=(64,142,201)
Ga0004748_11	1024636	1026462	0	color=(64,142,201)
Ga0004748_11	1028259	1029467	0	color=(64,142,201)
Ga0004748_11	1029566	1030654	0	color=(64,142,201)
Ga0004748_11	1031254	1033029	0	color=(64,142,201)
Ga0004748_11	1035615	1036985	0	color=(64,142,201)
Ga0004748_11	1038788	1039258	0	color=(64,142,201)
Ga0004748_11	1041903	1042556	0	color=(64,142,201)
Ga0004748_11	1046074	1047255	0	color=(64,142,201)
Ga0004748_11	1049230	1049709	0	color=(64,142,201)
Ga0004748_11	1050235	1051149	0	color=(64,142,201)
Ga0004748_11	1053000	1053680	0	color=(64,142,201)
Ga0004748_11	1057313	1058953	0	color=(64,142,201)
Ga0004748_11	1059005	1059544	0	color=(64,142,201)
Ga0004748_11	1081026	1082273	0	color=(64,142,201)
Ga0004748_11	1082485	1083450	0	color=(64,142,201)
Ga0004748_11	1083743	1084435	0	color=(64,142,201)
Ga0004748_11	1084674	1086032	0	color=(64,142,201)
Ga0004748_11	1086882	1088516	0	color=(64,142,201)
Ga0004748_11	1088551	1089171	0	color=(64,142,201)
Ga0004748_11	1089224	1090108	0	color=(64,142,201)
Ga0004748_11	1093378	1094988	0	color=(64,142,201)
Ga0004748_11	1095171	1096184	0	color=(64,142,201)
Ga0004748_11	1102928	1103788	0	color=(64,142,201)
Ga0004748_11	1103838	1104791	0	color=(64,142,201)
Ga0004748_11	1109484	1110887	0	color=(64,142,201)
Ga0004748_11	1110874	1111890	0	color=(64,142,201)
Ga0004748_11	1111890	1113611	0	color=(64,142,201)
Ga0004748_11	1113608	1115332	0	color=(64,142,201)
Ga0004748_11	1123660	1124613	0	color=(64,142,201)
Ga0004748_11	1128750	1130510	0	color=(64,142,201)
Ga0004748_11	1131225	1132298	0	color=(64,142,201)
Ga0004748_11	1136665	1137006	0	color=(64,142,201)
Ga0004748_11	1142715	1142924	0	color=(64,142,201)
Ga0004748_11	1145756	1146757	0	color=(64,142,201)
Ga0004748_11	1148868	1150226	0	color=(64,142,201)
Ga0004748_11	1150328	1151149	0	color=(64,142,201)
Ga0004748_11	1151980	1152660	0	color=(64,142,201)
Ga0004748_11	1161268	1162497	0	color=(64,142,201)
Ga0004748_11	1162551	1163165	0	color=(64,142,201)
Ga0004748_11	1166067	1166213	0	color=(64,142,201)
Ga0004748_11	1168608	1168805	0	color=(64,142,201)
Ga0004748_11	1170435	1172315	0	color=(64,142,201)
Ga0004748_11	1174112	1175287	0	color=(64,142,201)
Ga0004748_11	1175891	1176238	0	color=(64,142,201)
Ga0004748_11	1178396	1180378	0	color=(64,142,201)
Ga0004748_11	1180576	1180881	0	color=(64,142,201)
Ga0004748_11	1181604	1182644	0	color=(64,142,201)
Ga0004748_11	1192693	1192842	0	color=(64,142,201)
Ga0004748_11	1195296	1196228	0	color=(64,142,201)
Ga0004748_11	1202397	1202999	0	color=(64,142,201)
Ga0004748_11	1203097	1204476	0	color=(64,142,201)
Ga0004748_11	1204810	1205751	0	color=(64,142,201)
Ga0004748_11	1205950	1206846	0	color=(64,142,201)
Ga0004748_11	1206850	1207719	0	color=(64,142,201)
Ga0004748_11	1208719	1209903	0	color=(64,142,201)
Ga0004748_11	1211548	1212030	0	color=(64,142,201)
Ga0004748_11	1212032	1213339	0	color=(64,142,201)
Ga0004748_11	1213547	1214416	0	color=(64,142,201)
Ga0004748_11	1215279	1215923	0	color=(64,142,201)
Ga0004748_11	1217194	1218540	0	color=(64,142,201)
Ga0004748_11	1219765	1220061	0	color=(64,142,201)
Ga0004748_11	1220150	1221304	0	color=(64,142,201)
Ga0004748_11	1222082	1222822	0	color=(64,142,201)
Ga0004748_11	1224999	1226216	0	color=(64,142,201)
Ga0004748_11	1226490	1226918	0	color=(64,142,201)
Ga0004748_11	1226921	1227889	0	color=(64,142,201)
Ga0004748_11	1227982	1229115	0	color=(64,142,201)
Ga0004748_11	1231468	1232652	0	color=(64,142,201)
Ga0004748_11	1238761	1239606	0	color=(64,142,201)
Ga0004748_11	1243022	1243648	0	color=(64,142,201)
Ga0004748_11	1246503	1246694	0	color=(64,142,201)
Ga0004748_11	1247880	1248071	0	color=(64,142,201)
Ga0004748_11	1248546	1248734	0	color=(64,142,201)
Ga0004748_11	1251609	1251929	0	color=(64,142,201)
Ga0004748_11	1252241	1252579	0	color=(64,142,201)
Ga0004748_11	1261112	1261795	0	color=(64,142,201)
Ga0004748_11	1261853	1262287	0	color=(64,142,201)
Ga0004748_11	1263440	1263649	0	color=(64,142,201)
Ga0004748_11	1264440	1266668	0	color=(64,142,201)
Ga0004748_11	1266665	1267879	0	color=(64,142,201)
Ga0004748_11	1275063	1275752	0	color=(64,142,201)
Ga0004748_11	1277938	1278951	0	color=(64,142,201)
Ga0004748_11	1281109	1282278	0	color=(64,142,201)
Ga0004748_11	1282985	1283902	0	color=(64,142,201)
Ga0004748_11	1291314	1292180	0	color=(64,142,201)
Ga0004748_11	1294459	1296060	0	color=(64,142,201)
Ga0004748_11	1301382	1302113	0	color=(64,142,201)
Ga0004748_11	1303242	1303571	0	color=(64,142,201)
Ga0004748_11	1303573	1303800	0	color=(64,142,201)
Ga0004748_11	1318015	1319100	0	color=(64,142,201)
Ga0004748_11	1327408	1331418	0	color=(64,142,201)
Ga0004748_11	1331893	1334565	0	color=(64,142,201)
Ga0004748_11	1334588	1337473	0	color=(64,142,201)
Ga0004748_11	1344123	1345463	0	color=(64,142,201)
Ga0004748_11	1347064	1347861	0	color=(64,142,201)
Ga0004748_11	1348923	1350362	0	color=(64,142,201)
Ga0004748_11	1353687	1354172	0	color=(64,142,201)
Ga0004748_11	1356484	1357698	0	color=(64,142,201)
Ga0004748_11	1357967	1358554	0	color=(64,142,201)
Ga0004748_11	1359666	1360598	0	color=(64,142,201)
Ga0004748_11	1366896	1367615	0	color=(64,142,201)
Ga0004748_11	1367657	1368313	0	color=(64,142,201)
Ga0004748_11	1368527	1368712	0	color=(64,142,201)
Ga0004748_11	1368770	1369495	0	color=(64,142,201)
Ga0004748_11	1372712	1373299	0	color=(64,142,201)
Ga0004748_11	1376418	1376747	0	color=(64,142,201)
Ga0004748_11	1383377	1384270	0	color=(64,142,201)
Ga0004748_11	1389728	1390746	0	color=(64,142,201)
Ga0004748_11	1390743	1391645	0	color=(64,142,201)
Ga0004748_11	1393760	1395109	0	color=(64,142,201)
Ga0004748_11	1400089	1401318	0	color=(64,142,201)
Ga0004748_11	1401383	1401940	0	color=(64,142,201)
Ga0004748_11	1402992	1404503	0	color=(64,142,201)
Ga0004748_11	1404717	1406144	0	color=(64,142,201)
Ga0004748_11	1412113	1413468	0	color=(64,142,201)
Ga0004748_11	1428109	1428264	0	color=(64,142,201)
Ga0004748_11	1430522	1431157	0	color=(64,142,201)
Ga0004748_11	1431147	1432028	0	color=(64,142,201)
Ga0004748_11	1433695	1433850	0	color=(64,142,201)
Ga0004748_11	1443934	1444608	0	color=(64,142,201)
Ga0004748_11	1444807	1445019	0	color=(64,142,201)
Ga0004748_11	1445760	1448258	0	color=(64,142,201)
Ga0004748_11	1449113	1450312	0	color=(64,142,201)
Ga0004748_11	1458919	1459551	0	color=(64,142,201)
Ga0004748_11	1461190	1461447	0	color=(64,142,201)
Ga0004748_11	1466238	1466411	0	color=(64,142,201)
Ga0004748_11	1467643	1468845	0	color=(64,142,201)
Ga0004748_11	1481440	1482870	0	color=(64,142,201)
Ga0004748_11	1486159	1487352	0	color=(64,142,201)
Ga0004748_11	1487585	1488952	0	color=(64,142,201)
Ga0004748_11	1489388	1489963	0	color=(64,142,201)
Ga0004748_11	1490132	1490440	0	color=(64,142,201)
Ga0004748_11	1495945	1497825	0	color=(64,142,201)
Ga0004748_11	1497978	1499240	0	color=(64,142,201)
Ga0004748_11	1499297	1500163	0	color=(64,142,201)
Ga0004748_11	1500165	1501169	0	color=(64,142,201)
Ga0004748_11	1503052	1503789	0	color=(64,142,201)
Ga0004748_11	1506766	1507251	0	color=(64,142,201)
Ga0004748_11	1507424	1507849	0	color=(64,142,201)
Ga0004748_11	1508581	1509051	0	color=(64,142,201)
Ga0004748_11	1513350	1515581	0	color=(64,142,201)
Ga0004748_11	1519192	1520079	0	color=(64,142,201)
Ga0004748_11	1523736	1524284	0	color=(64,142,201)
Ga0004748_11	1526050	1526946	0	color=(64,142,201)
Ga0004748_11	1527863	1528468	0	color=(64,142,201)
Ga0004748_11	1532563	1532814	0	color=(64,142,201)
Ga0004748_11	1536657	1538411	0	color=(64,142,201)
Ga0004748_11	1538404	1540200	0	color=(64,142,201)
Ga0004748_11	1542283	1542555	0	color=(64,142,201)
Ga0004748_11	1543904	1544488	0	color=(64,142,201)
Ga0004748_11	1545524	1545937	0	color=(64,142,201)
Ga0004748_11	1547918	1549207	0	color=(64,142,201)
Ga0004748_11	1555733	1556566	0	color=(64,142,201)
Ga0004748_11	1556624	1558183	0	color=(64,142,201)
Ga0004748_11	1558728	1560011	0	color=(64,142,201)
Ga0004748_11	1560090	1560356	0	color=(64,142,201)
Ga0004748_11	1562581	1563129	0	color=(64,142,201)
Ga0004748_11	1566693	1567928	0	color=(64,142,201)
Ga0004748_11	1568081	1568410	0	color=(64,142,201)
Ga0004748_11	1572162	1573406	0	color=(64,142,201)
Ga0004748_11	1582530	1583267	0	color=(64,142,201)
Ga0004748_11	1583777	1584166	0	color=(64,142,201)
Ga0004748_11	1586093	1586902	0	color=(64,142,201)
Ga0004748_11	1593233	1593991	0	color=(64,142,201)
Ga0004748_11	1595235	1596548	0	color=(64,142,201)
Ga0004748_11	1596775	1597872	0	color=(64,142,201)
Ga0004748_11	1599740	1600993	0	color=(64,142,201)
Ga0004748_11	1628869	1630011	0	color=(64,142,201)
Ga0004748_11	1631146	1632570	0	color=(64,142,201)
Ga0004748_11	1633908	1635224	0	color=(64,142,201)
Ga0004748_11	1636703	1636837	0	color=(64,142,201)
Ga0004748_11	1636834	1638408	0	color=(64,142,201)
Ga0004748_11	1638435	1639526	0	color=(64,142,201)
Ga0004748_11	1639523	1640716	0	color=(64,142,201)
Ga0004748_11	1641993	1643408	0	color=(64,142,201)
Ga0004748_11	1649979	1651199	0	color=(64,142,201)
Ga0004748_11	1654818	1657223	0	color=(64,142,201)
Ga0004748_11	1657585	1659084	0	color=(64,142,201)
Ga0004748_11	1659105	1660187	0	color=(64,142,201)
Ga0004748_11	1663071	1663718	0	color=(64,142,201)
Ga0004748_11	1668794	1669297	0	color=(64,142,201)
Ga0004748_11	1669432	1670253	0	color=(64,142,201)
Ga0004748_11	1673991	1675870	0	color=(64,142,201)
Ga0004748_11	1681419	1682018	0	color=(64,142,201)
Ga0004748_11	1683422	1683997	0	color=(64,142,201)
Ga0004748_11	1684160	1684684	0	color=(64,142,201)
Ga0004748_11	1684705	1684938	0	color=(64,142,201)
Ga0004748_11	1687532	1687729	0	color=(64,142,201)
Ga0004748_11	1693938	1695257	0	color=(64,142,201)
Ga0004748_11	1696077	1696250	0	color=(64,142,201)
Ga0004748_11	1700192	1701313	0	color=(64,142,201)
Ga0004748_11	1702630	1703958	0	color=(64,142,201)
Ga0004748_11	1704115	1705212	0	color=(64,142,201)
Ga0004748_11	1708387	1709214	0	color=(64,142,201)
Ga0004748_11	1709226	1710986	0	color=(64,142,201)
Ga0004748_11	1711370	1713502	0	color=(64,142,201)
Ga0004748_11	1715879	1716721	0	color=(64,142,201)
Ga0004748_11	1718099	1719118	0	color=(64,142,201)
Ga0004748_11	1719143	1719796	0	color=(64,142,201)
Ga0004748_11	1719918	1720241	0	color=(64,142,201)
Ga0004748_11	1733933	1734949	0	color=(64,142,201)
Ga0004748_11	1735125	1736282	0	color=(64,142,201)
Ga0004748_11	1740923	1743604	0	color=(64,142,201)
Ga0004748_11	1745726	1747417	0	color=(64,142,201)
Ga0004748_11	1747460	1748308	0	color=(64,142,201)
Ga0004748_11	1748471	1750708	0	color=(64,142,201)
Ga0004748_11	1767259	1767615	0	color=(64,142,201)
Ga0004748_11	1769912	1770112	0	color=(64,142,201)
Ga0004748_11	1772194	1772691	0	color=(64,142,201)
Ga0004748_11	1780209	1781192	0	color=(64,142,201)
Ga0004748_11	1781511	1782137	0	color=(64,142,201)
Ga0004748_11	1785441	1785950	0	color=(64,142,201)
Ga0004748_11	1787013	1788944	0	color=(64,142,201)
Ga0004748_11	1789013	1789684	0	color=(64,142,201)
Ga0004748_11	1796609	1796851	0	color=(64,142,201)
Ga0004748_11	1798224	1798709	0	color=(64,142,201)
Ga0004748_11	1804261	1804407	0	color=(64,142,201)
Ga0004748_11	1808782	1809189	0	color=(64,142,201)
Ga0004748_11	1815593	1815781	0	color=(64,142,201)
Ga0004748_11	1820505	1821149	0	color=(64,142,201)
Ga0004748_11	1831087	1834917	0	color=(64,142,201)
Ga0004748_11	1838414	1838650	0	color=(64,142,201)
Ga0004748_11	1838650	1838889	0	color=(64,142,201)
Ga0004748_11	1838886	1839950	0	color=(64,142,201)
Ga0004748_11	1844527	1845294	0	color=(64,142,201)
Ga0004748_11	1845434	1845850	0	color=(64,142,201)
Ga0004748_11	1846503	1846715	0	color=(64,142,201)
Ga0004748_11	1850142	1851425	0	color=(64,142,201)
Ga0004748_11	1858386	1860512	0	color=(64,142,201)
Ga0004748_11	1860589	1861119	0	color=(64,142,201)
Ga0004748_11	1863747	1864295	0	color=(64,142,201)
Ga0004748_11	1865999	1866799	0	color=(64,142,201)
Ga0004748_11	1867136	1868404	0	color=(64,142,201)
Ga0004748_11	1872063	1872251	0	color=(64,142,201)
Ga0004748_11	1876704	1877063	0	color=(64,142,201)
Ga0004748_11	1878286	1878666	0	color=(64,142,201)
Ga0004748_11	1880242	1880538	0	color=(64,142,201)
Ga0004748_11	1883498	1884097	0	color=(64,142,201)
Ga0004748_11	1884385	1886523	0	color=(64,142,201)
Ga0004748_11	1887023	1888255	0	color=(64,142,201)
Ga0004748_11	1889769	1890401	0	color=(64,142,201)
Ga0004748_11	1890592	1891047	0	color=(64,142,201)
Ga0004748_11	1893395	1893769	0	color=(64,142,201)
Ga0004748_11	1894330	1894755	0	color=(64,142,201)
Ga0004748_11	1896613	1897908	0	color=(64,142,201)
Ga0004748_11	1898992	1899636	0	color=(64,142,201)
Ga0004748_11	1901748	1902623	0	color=(64,142,201)
Ga0004748_11	1903888	1904349	0	color=(64,142,201)
Ga0004748_11	1906679	1907593	0	color=(64,142,201)
Ga0004748_11	1913587	1914795	0	color=(64,142,201)
Ga0004748_11	1915046	1915672	0	color=(64,142,201)
Ga0004748_11	1918454	1919377	0	color=(64,142,201)
Ga0004748_11	1927497	1928348	0	color=(64,142,201)
Ga0004748_11	1932034	1932813	0	color=(64,142,201)
Ga0004748_11	1932946	1933152	0	color=(64,142,201)
Ga0004748_11	1934264	1934836	0	color=(64,142,201)
Ga0004748_11	1936595	1936852	0	color=(64,142,201)
Ga0004748_11	1936944	1937123	0	color=(64,142,201)
Ga0004748_11	1937339	1938508	0	color=(64,142,201)
Ga0004748_11	1940731	1941390	0	color=(64,142,201)
Ga0004748_11	1948585	1950057	0	color=(64,142,201)
Ga0004748_11	1951004	1951186	0	color=(64,142,201)
Ga0004748_11	1952171	1953601	0	color=(64,142,201)
Ga0004748_11	1967318	1969876	0	color=(64,142,201)
Ga0004748_11	1972406	1974358	0	color=(64,142,201)
Ga0004748_11	1977082	1978386	0	color=(64,142,201)
Ga0004748_11	1978472	1979389	0	color=(64,142,201)
Ga0004748_11	1984919	1985323	0	color=(64,142,201)
Ga0004748_11	1985934	1986989	0	color=(64,142,201)
Ga0004748_11	1988704	1990044	0	color=(64,142,201)
Ga0004748_11	1990060	1990839	0	color=(64,142,201)
Ga0004748_11	1991366	1991989	0	color=(64,142,201)
Ga0004748_11	2002488	2002655	0	color=(64,142,201)
Ga0004748_11	2014838	2015221	0	color=(64,142,201)
Ga0004748_11	2015713	2016078	0	color=(64,142,201)
Ga0004748_11	2017502	2017669	0	color=(64,142,201)
Ga0004748_11	2018176	2019012	0	color=(64,142,201)
Ga0004748_11	2020382	2021239	0	color=(64,142,201)
Ga0004748_11	2024376	2025743	0	color=(64,142,201)
Ga0004748_11	2028819	2029205	0	color=(64,142,201)
Ga0004748_11	2031254	2031625	0	color=(64,142,201)
Ga0004748_11	2032479	2033480	0	color=(64,142,201)
Ga0004748_11	2038558	2039403	0	color=(64,142,201)
Ga0004748_11	2044384	2044836	0	color=(64,142,201)
Ga0004748_11	2046175	2046363	0	color=(64,142,201)
Ga0004748_11	2049230	2049895	0	color=(64,142,201)
Ga0004748_11	2051971	2053461	0	color=(64,142,201)
Ga0004748_11	2064190	2064639	0	color=(64,142,201)
Ga0004748_11	2065897	2066502	0	color=(64,142,201)
Ga0004748_11	2066937	2068118	0	color=(64,142,201)
Ga0004748_11	2073010	2073366	0	color=(64,142,201)
Ga0004748_12	1	728	0	color=(64,142,201)
Ga0004748_12	9581	10402	0	color=(64,142,201)
Ga0004748_12	10395	11882	0	color=(64,142,201)
Ga0004748_12	18496	19002	0	color=(64,142,201)
Ga0004748_12	21714	22382	0	color=(64,142,201)
Ga0004748_12	26399	27835	0	color=(64,142,201)
Ga0004748_12	27832	28365	0	color=(64,142,201)
Ga0004748_12	28444	30162	0	color=(64,142,201)
Ga0004748_12	30343	31539	0	color=(64,142,201)
Ga0004748_12	32814	33029	0	color=(64,142,201)
Ga0004748_12	33441	34358	0	color=(64,142,201)
Ga0004748_12	34376	35380	0	color=(64,142,201)
Ga0004748_12	39407	39622	0	color=(64,142,201)
Ga0004748_12	45564	46214	0	color=(64,142,201)
Ga0004748_12	46282	47133	0	color=(64,142,201)
Ga0004748_12	47434	48108	0	color=(64,142,201)
Ga0004748_12	51417	52385	0	color=(64,142,201)
Ga0004748_12	55707	56543	0	color=(64,142,201)
Ga0004748_12	56682	57038	0	color=(64,142,201)
Ga0004748_12	58656	60305	0	color=(64,142,201)
Ga0004748_12	65051	65248	0	color=(64,142,201)
Ga0004748_12	67446	68402	0	color=(64,142,201)
Ga0004748_12	68415	69338	0	color=(64,142,201)
Ga0004748_12	77287	78702	0	color=(64,142,201)
Ga0004748_12	78810	80081	0	color=(64,142,201)
Ga0004748_12	85794	86366	0	color=(64,142,201)
Ga0004748_12	105610	105801	0	color=(64,142,201)
Ga0004748_12	105798	106547	0	color=(64,142,201)
Ga0004748_12	111228	112553	0	color=(64,142,201)
Ga0004748_12	113384	114889	0	color=(64,142,201)
Ga0004748_12	120200	121159	0	color=(64,142,201)
Ga0004748_12	127858	128040	0	color=(64,142,201)
Ga0004748_12	128074	128871	0	color=(64,142,201)
Ga0004748_12	128889	129626	0	color=(64,142,201)
Ga0004748_12	130617	131543	0	color=(64,142,201)
Ga0004748_12	141845	142789	0	color=(64,142,201)
Ga0004748_12	151169	152089	0	color=(64,142,201)
Ga0004748_12	172048	173226	0	color=(64,142,201)
Ga0004748_12	174419	175264	0	color=(64,142,201)
Ga0004748_12	182441	183211	0	color=(64,142,201)
Ga0004748_12	185472	186620	0	color=(64,142,201)
Ga0004748_12	188757	189422	0	color=(64,142,201)
Ga0004748_12	193231	193467	0	color=(64,142,201)
Ga0004748_12	203656	203979	0	color=(64,142,201)
Ga0004748_12	206718	206891	0	color=(64,142,201)
Ga0004748_12	207863	209059	0	color=(64,142,201)
Ga0004748_12	213685	214239	0	color=(64,142,201)
Ga0004748_12	219302	220723	0	color=(64,142,201)
Ga0004748_12	228768	228938	0	color=(64,142,201)
Ga0004748_12	229112	230119	0	color=(64,142,201)
Ga0004748_12	230116	231156	0	color=(64,142,201)
Ga0004748_12	238186	239412	0	color=(64,142,201)
Ga0004748_12	243053	244354	0	color=(64,142,201)
Ga0004748_12	246606	247691	0	color=(64,142,201)
Ga0004748_12	247744	248436	0	color=(64,142,201)
Ga0004748_12	250404	251696	0	color=(64,142,201)
Ga0004748_12	254922	256337	0	color=(64,142,201)
Ga0004748_12	258386	259069	0	color=(64,142,201)
Ga0004748_12	259193	260527	0	color=(64,142,201)
Ga0004748_12	262641	264278	0	color=(64,142,201)
Ga0004748_12	265380	268355	0	color=(64,142,201)
Ga0004748_12	272580	273893	0	color=(64,142,201)
Ga0004748_12	274394	276136	0	color=(64,142,201)
Ga0004748_12	280403	281176	0	color=(64,142,201)
Ga0004748_12	285303	287327	0	color=(64,142,201)
Ga0004748_12	288410	288655	0	color=(64,142,201)
Ga0004748_12	288782	288925	0	color=(64,142,201)
Ga0004748_12	289648	290886	0	color=(64,142,201)
Ga0004748_12	291264	292547	0	color=(64,142,201)
Ga0004748_12	294123	294416	0	color=(64,142,201)
Ga0004748_12	296310	297380	0	color=(64,142,201)
Ga0004748_12	300529	301320	0	color=(64,142,201)
Ga0004748_12	304199	306865	0	color=(64,142,201)
Ga0004748_12	308497	309363	0	color=(64,142,201)
Ga0004748_12	309551	311476	0	color=(64,142,201)
Ga0004748_12	311748	312698	0	color=(64,142,201)
Ga0004748_12	312819	313499	0	color=(64,142,201)
Ga0004748_12	313676	314212	0	color=(64,142,201)
Ga0004748_12	317487	318080	0	color=(64,142,201)
Ga0004748_12	318092	318520	0	color=(64,142,201)
Ga0004748_12	319630	320685	0	color=(64,142,201)
Ga0004748_12	320767	321564	0	color=(64,142,201)
Ga0004748_12	324975	325757	0	color=(64,142,201)
Ga0004748_12	328909	329112	0	color=(64,142,201)
Ga0004748_12	331254	332675	0	color=(64,142,201)
Ga0004748_12	334929	335540	0	color=(64,142,201)
Ga0004748_12	337428	338930	0	color=(64,142,201)
Ga0004748_12	339156	340430	0	color=(64,142,201)
Ga0004748_12	342748	343992	0	color=(64,142,201)
Ga0004748_12	346460	346681	0	color=(64,142,201)
Ga0004748_12	357091	358071	0	color=(64,142,201)
Ga0004748_12	361284	363044	0	color=(64,142,201)
Ga0004748_12	363059	364147	0	color=(64,142,201)
Ga0004748_12	371571	372362	0	color=(64,142,201)
Ga0004748_12	372367	373152	0	color=(64,142,201)
Ga0004748_12	373225	373629	0	color=(64,142,201)
Ga0004748_12	375554	375910	0	color=(64,142,201)
Ga0004748_13	1547	2020	0	color=(64,142,201)
Ga0004748_13	2694	4457	0	color=(64,142,201)
Ga0004748_13	9017	10996	0	color=(64,142,201)
Ga0004748_13	12514	12708	0	color=(64,142,201)
Ga0004748_13	20097	22622	0	color=(64,142,201)
Ga0004748_13	24668	25651	0	color=(64,142,201)
Ga0004748_13	28858	30813	0	color=(64,142,201)
Ga0004748_13	32270	33679	0	color=(64,142,201)
Ga0004748_13	38978	40249	0	color=(64,142,201)
Ga0004748_13	41683	42930	0	color=(64,142,201)
Ga0004748_13	43646	44008	0	color=(64,142,201)
Ga0004748_13	44815	46641	0	color=(64,142,201)
Ga0004748_13	57201	58463	0	color=(64,142,201)
Ga0004748_13	60541	62463	0	color=(64,142,201)
Ga0004748_13	63005	63517	0	color=(64,142,201)
Ga0004748_13	66505	66783	0	color=(64,142,201)
Ga0004748_13	72563	73342	0	color=(64,142,201)
Ga0004748_13	75924	76715	0	color=(64,142,201)
Ga0004748_13	76718	77506	0	color=(64,142,201)
Ga0004748_13	80973	81719	0	color=(64,142,201)
Ga0004748_13	81839	82072	0	color=(64,142,201)
Ga0004748_13	97058	98215	0	color=(64,142,201)
Ga0004748_13	106706	108163	0	color=(64,142,201)
Ga0004748_13	108431	109756	0	color=(64,142,201)
Ga0004748_13	110770	112278	0	color=(64,142,201)
Ga0004748_13	112265	113368	0	color=(64,142,201)
Ga0004748_13	113365	114492	0	color=(64,142,201)
Ga0004748_13	116141	116395	0	color=(64,142,201)
Ga0004748_13	117205	118557	0	color=(64,142,201)
Ga0004748_13	122344	122577	0	color=(64,142,201)
Ga0004748_13	129961	130398	0	color=(64,142,201)
Ga0004748_13	134134	135318	0	color=(64,142,201)
Ga0004748_13	135730	136386	0	color=(64,142,201)
Ga0004748_13	136546	137655	0	color=(64,142,201)
Ga0004748_13	138848	140608	0	color=(64,142,201)
Ga0004748_13	140620	141450	0	color=(64,142,201)
Ga0004748_13	145641	145859	0	color=(64,142,201)
Ga0004748_13	151458	151928	0	color=(64,142,201)
Ga0004748_13	152284	152502	0	color=(64,142,201)
Ga0004748_13	157002	157409	0	color=(64,142,201)
Ga0004748_13	157496	157681	0	color=(64,142,201)
Ga0004748_13	160381	161403	0	color=(64,142,201)
Ga0004748_13	162153	164141	0	color=(64,142,201)
Ga0004748_13	166489	167436	0	color=(64,142,201)
Ga0004748_13	170729	172681	0	color=(64,142,201)
Ga0004748_13	183284	184195	0	color=(64,142,201)
Ga0004748_13	184217	185017	0	color=(64,142,201)
Ga0004748_13	187243	187947	0	color=(64,142,201)
Ga0004748_13	190748	190879	0	color=(64,142,201)
Ga0004748_13	196726	196908	0	color=(64,142,201)
Ga0004748_13	198432	199079	0	color=(64,142,201)
Ga0004748_13	201535	202950	0	color=(64,142,201)
Ga0004748_13	204728	205153	0	color=(64,142,201)
Ga0004748_13	205411	205836	0	color=(64,142,201)
Ga0004748_13	206576	207046	0	color=(64,142,201)
Ga0004748_13	207661	208413	0	color=(64,142,201)
Ga0004748_13	217178	217363	0	color=(64,142,201)
Ga0004748_13	222303	222791	0	color=(64,142,201)
Ga0004748_13	234721	237105	0	color=(64,142,201)
Ga0004748_13	245673	246164	0	color=(64,142,201)
Ga0004748_13	253994	254398	0	color=(64,142,201)
Ga0004748_13	254644	254805	0	color=(64,142,201)
Ga0004748_13	256159	257901	0	color=(64,142,201)
Ga0004748_13	262583	263857	0	color=(64,142,201)
Ga0004748_13	263965	265338	0	color=(64,142,201)
Ga0004748_13	276175	277608	0	color=(64,142,201)
Ga0004748_13	278092	279285	0	color=(64,142,201)
Ga0004748_13	280934	282379	0	color=(64,142,201)
Ga0004748_13	291969	294191	0	color=(64,142,201)
Ga0004748_13	294827	296209	0	color=(64,142,201)
Ga0004748_13	299077	300432	0	color=(64,142,201)
Ga0004748_13	303965	304813	0	color=(64,142,201)
Ga0004748_13	310032	310535	0	color=(64,142,201)
Ga0004748_13	335877	336044	0	color=(64,142,201)
Ga0004748_13	337283	337492	0	color=(64,142,201)
Ga0004748_13	339632	340075	0	color=(64,142,201)
Ga0004748_13	340361	340669	0	color=(64,142,201)
Ga0004748_13	340702	340926	0	color=(64,142,201)
Ga0004748_13	341009	342093	0	color=(64,142,201)
Ga0004748_13	342109	342681	0	color=(64,142,201)
Ga0004748_13	343414	345969	0	color=(64,142,201)
Ga0004748_13	346260	348803	0	color=(64,142,201)
Ga0004748_13	348851	349138	0	color=(64,142,201)
Ga0004748_13	351921	353048	0	color=(64,142,201)
Ga0004748_13	353365	353943	0	color=(64,142,201)
Ga0004748_13	353965	354861	0	color=(64,142,201)
Ga0004748_13	359466	360128	0	color=(64,142,201)
Ga0004748_13	364997	365326	0	color=(64,142,201)
Ga0004748_13	366398	366964	0	color=(64,142,201)
Ga0004748_13	369266	370762	0	color=(64,142,201)
Ga0004748_13	370788	371279	0	color=(64,142,201)
Ga0004748_13	372866	373942	0	color=(64,142,201)
Ga0004748_13	375004	376857	0	color=(64,142,201)
Ga0004748_13	376964	377605	0	color=(64,142,201)
Ga0004748_14	27731	29332	0	color=(64,142,201)
Ga0004748_14	31459	32112	0	color=(64,142,201)
Ga0004748_14	32109	32468	0	color=(64,142,201)
Ga0004748_14	33619	36090	0	color=(64,142,201)
Ga0004748_14	38376	40277	0	color=(64,142,201)
Ga0004748_14	69341	70444	0	color=(64,142,201)
Ga0004748_14	78465	78644	0	color=(64,142,201)
Ga0004748_14	104648	105949	0	color=(64,142,201)
Ga0004748_14	111951	112745	0	color=(64,142,201)
Ga0004748_14	118011	118622	0	color=(64,142,201)
Ga0004748_14	118742	119506	0	color=(64,142,201)
Ga0004748_14	129039	129210	0	color=(64,142,201)
Ga0004748_15	4874	6250	0	color=(64,142,201)
Ga0004748_15	21252	22787	0	color=(64,142,201)
Ga0004748_15	26882	28096	0	color=(64,142,201)
Ga0004748_15	28267	28938	0	color=(64,142,201)
Ga0004748_15	30895	31137	0	color=(64,142,201)
Ga0004748_15	35497	36699	0	color=(64,142,201)
Ga0004748_15	36853	37152	0	color=(64,142,201)
Ga0004748_15	41182	41661	0	color=(64,142,201)
Ga0004748_15	41701	42372	0	color=(64,142,201)
Ga0004748_15	44246	44839	0	color=(64,142,201)
Ga0004748_15	46704	47789	0	color=(64,142,201)
Ga0004748_15	50466	51314	0	color=(64,142,201)
Ga0004748_15	53992	55047	0	color=(64,142,201)
Ga0004748_15	57872	58810	0	color=(64,142,201)
Ga0004748_15	58999	59487	0	color=(64,142,201)
Ga0004748_15	67892	68563	0	color=(64,142,201)
Ga0004748_15	68623	70596	0	color=(64,142,201)
Ga0004748_15	73049	76165	0	color=(64,142,201)
Ga0004748_15	89041	89478	0	color=(64,142,201)
Ga0004748_15	90754	91059	0	color=(64,142,201)
Ga0004748_15	94965	95456	0	color=(64,142,201)
Ga0004748_15	101601	102644	0	color=(64,142,201)
Ga0004748_15	102641	103630	0	color=(64,142,201)
Ga0004748_15	103627	104580	0	color=(64,142,201)
Ga0004748_15	111115	112329	0	color=(64,142,201)
Ga0004748_15	113596	114789	0	color=(64,142,201)
Ga0004748_15	121628	123052	0	color=(64,142,201)
Ga0004748_15	124894	125925	0	color=(64,142,201)
Ga0004748_15	126233	128620	0	color=(64,142,201)
Ga0004748_15	132322	132804	0	color=(64,142,201)
Ga0004748_15	134390	134701	0	color=(64,142,201)
Ga0004748_15	137754	138050	0	color=(64,142,201)
Ga0004748_15	138156	138683	0	color=(64,142,201)
Ga0004748_15	140141	141304	0	color=(64,142,201)
Ga0004748_15	141279	142391	0	color=(64,142,201)
Ga0004748_15	142448	143905	0	color=(64,142,201)
Ga0004748_15	154468	154974	0	color=(64,142,201)
Ga0004748_15	155233	155961	0	color=(64,142,201)
Ga0004748_15	155977	157086	0	color=(64,142,201)
Ga0004748_15	163333	163626	0	color=(64,142,201)
Ga0004748_15	163674	164273	0	color=(64,142,201)
Ga0004748_15	167658	168407	0	color=(64,142,201)
Ga0004748_15	170963	171370	0	color=(64,142,201)
Ga0004748_15	171953	172864	0	color=(64,142,201)
Ga0004748_15	179802	180812	0	color=(64,142,201)
Ga0004748_15	181924	183390	0	color=(64,142,201)
Ga0004748_15	187661	187894	0	color=(64,142,201)
Ga0004748_15	193523	194044	0	color=(64,142,201)
Ga0004748_15	194126	196279	0	color=(64,142,201)
Ga0004748_15	197989	198951	0	color=(64,142,201)
Ga0004748_15	198953	199648	0	color=(64,142,201)
Ga0004748_15	203066	203617	0	color=(64,142,201)
Ga0004748_15	207281	207913	0	color=(64,142,201)
Ga0004748_15	209221	210549	0	color=(64,142,201)
Ga0004748_15	214140	215321	0	color=(64,142,201)
Ga0004748_15	220434	220910	0	color=(64,142,201)
Ga0004748_15	225794	227092	0	color=(64,142,201)
Ga0004748_15	234329	234922	0	color=(64,142,201)
Ga0004748_15	239091	240041	0	color=(64,142,201)
Ga0004748_15	241408	241809	0	color=(64,142,201)
Ga0004748_15	242618	244156	0	color=(64,142,201)
Ga0004748_15	244730	245095	0	color=(64,142,201)
Ga0004748_15	245183	245965	0	color=(64,142,201)
Ga0004748_15	245997	246452	0	color=(64,142,201)
Ga0004748_15	248763	250286	0	color=(64,142,201)
Ga0004748_15	251877	252902	0	color=(64,142,201)
Ga0004748_15	256419	257951	0	color=(64,142,201)
Ga0004748_15	259489	260658	0	color=(64,142,201)
Ga0004748_15	261917	262288	0	color=(64,142,201)
Ga0004748_15	262638	263480	0	color=(64,142,201)
Ga0004748_15	264513	265424	0	color=(64,142,201)
Ga0004748_15	266134	267174	0	color=(64,142,201)
Ga0004748_15	272799	273275	0	color=(64,142,201)
Ga0004748_15	273294	273728	0	color=(64,142,201)
Ga0004748_15	284858	285598	0	color=(64,142,201)
Ga0004748_15	291071	291364	0	color=(64,142,201)
Ga0004748_15	293365	293526	0	color=(64,142,201)
Ga0004748_15	293768	294091	0	color=(64,142,201)
Ga0004748_15	295521	296894	0	color=(64,142,201)
Ga0004748_15	297086	297301	0	color=(64,142,201)
Ga0004748_15	297649	299145	0	color=(64,142,201)
Ga0004748_15	299731	300609	0	color=(64,142,201)
Ga0004748_15	302509	303087	0	color=(64,142,201)
Ga0004748_15	303202	304989	0	color=(64,142,201)
Ga0004748_15	305151	306980	0	color=(64,142,201)
Ga0004748_15	307951	309027	0	color=(64,142,201)
Ga0004748_15	311161	311589	0	color=(64,142,201)
Ga0004748_15	318518	319996	0	color=(64,142,201)
Ga0004748_15	332311	333375	0	color=(64,142,201)
Ga0004748_15	334254	335513	0	color=(64,142,201)
Ga0004748_15	336290	337666	0	color=(64,142,201)
Ga0004748_15	338498	339337	0	color=(64,142,201)
Ga0004748_15	346522	346713	0	color=(64,142,201)
Ga0004748_15	346803	347870	0	color=(64,142,201)
Ga0004748_15	349985	352375	0	color=(64,142,201)
Ga0004748_15	362630	363865	0	color=(64,142,201)
Ga0004748_15	364654	365850	0	color=(64,142,201)
Ga0004748_15	367782	368981	0	color=(64,142,201)
Ga0004748_15	369082	370341	0	color=(64,142,201)
Ga0004748_15	370396	371184	0	color=(64,142,201)
Ga0004748_15	372083	372322	0	color=(64,142,201)
Ga0004748_15	373581	374927	0	color=(64,142,201)
Ga0004748_15	377368	378090	0	color=(64,142,201)
Ga0004748_15	378274	378975	0	color=(64,142,201)
Ga0004748_15	380582	381460	0	color=(64,142,201)
Ga0004748_15	382374	384314	0	color=(64,142,201)
Ga0004748_15	385333	386763	0	color=(64,142,201)
Ga0004748_15	393857	394168	0	color=(64,142,201)
Ga0004748_15	398681	399619	0	color=(64,142,201)
Ga0004748_15	401546	403204	0	color=(64,142,201)
Ga0004748_15	404011	404205	0	color=(64,142,201)
Ga0004748_15	404385	404744	0	color=(64,142,201)
Ga0004748_15	409074	409352	0	color=(64,142,201)
Ga0004748_15	411970	412224	0	color=(64,142,201)
Ga0004748_15	413915	415108	0	color=(64,142,201)
Ga0004748_15	418471	419592	0	color=(64,142,201)
Ga0004748_15	419656	419904	0	color=(64,142,201)
Ga0004748_15	427632	428825	0	color=(64,142,201)
Ga0004748_15	430532	430771	0	color=(64,142,201)
Ga0004748_15	430893	431441	0	color=(64,142,201)
Ga0004748_15	431640	432053	0	color=(64,142,201)
Ga0004748_15	432106	433434	0	color=(64,142,201)
Ga0004748_15	440355	441239	0	color=(64,142,201)
Ga0004748_15	445522	446847	0	color=(64,142,201)
Ga0004748_15	456937	459165	0	color=(64,142,201)
Ga0004748_15	461607	461978	0	color=(64,142,201)
Ga0004748_15	463194	464957	0	color=(64,142,201)
Ga0004748_15	466279	467649	0	color=(64,142,201)
Ga0004748_15	483436	486795	0	color=(64,142,201)
Ga0004748_15	489612	490373	0	color=(64,142,201)
Ga0004748_15	490472	491104	0	color=(64,142,201)
Ga0004748_15	491518	492906	0	color=(64,142,201)
Ga0004748_15	493489	493746	0	color=(64,142,201)
Ga0004748_15	495608	496357	0	color=(64,142,201)
Ga0004748_15	503781	504071	0	color=(64,142,201)
Ga0004748_15	504100	504381	0	color=(64,142,201)
Ga0004748_15	504515	504709	0	color=(64,142,201)
Ga0004748_15	508775	509221	0	color=(64,142,201)
Ga0004748_15	509235	509699	0	color=(64,142,201)
Ga0004748_15	512459	513850	0	color=(64,142,201)
Ga0004748_15	514388	515587	0	color=(64,142,201)
Ga0004748_15	515985	516551	0	color=(64,142,201)
Ga0004748_15	516595	516819	0	color=(64,142,201)
Ga0004748_15	517833	518003	0	color=(64,142,201)
Ga0004748_15	518441	518821	0	color=(64,142,201)
Ga0004748_15	521542	522867	0	color=(64,142,201)
Ga0004748_15	522939	523166	0	color=(64,142,201)
Ga0004748_15	524963	525979	0	color=(64,142,201)
Ga0004748_15	525980	527014	0	color=(64,142,201)
Ga0004748_15	527291	528055	0	color=(64,142,201)
Ga0004748_15	546998	547414	0	color=(64,142,201)
Ga0004748_15	549069	550196	0	color=(64,142,201)
Ga0004748_15	550794	551999	0	color=(64,142,201)
Ga0004748_15	553502	554446	0	color=(64,142,201)
Ga0004748_15	554974	555765	0	color=(64,142,201)
Ga0004748_15	555740	556393	0	color=(64,142,201)
Ga0004748_15	556946	557596	0	color=(64,142,201)
Ga0004748_15	566135	566323	0	color=(64,142,201)
Ga0004748_15	567689	568036	0	color=(64,142,201)
Ga0004748_15	568049	568195	0	color=(64,142,201)
Ga0004748_15	569761	570159	0	color=(64,142,201)
Ga0004748_15	571116	571298	0	color=(64,142,201)
Ga0004748_15	572193	572684	0	color=(64,142,201)
Ga0004748_15	576714	577283	0	color=(64,142,201)
Ga0004748_15	583970	585463	0	color=(64,142,201)
Ga0004748_15	585465	586568	0	color=(64,142,201)
Ga0004748_15	586565	587692	0	color=(64,142,201)
Ga0004748_15	596585	596737	0	color=(64,142,201)
Ga0004748_15	596899	598881	0	color=(64,142,201)
Ga0004748_15	601219	601554	0	color=(64,142,201)
Ga0004748_15	603090	603638	0	color=(64,142,201)
Ga0004748_15	603964	606330	0	color=(64,142,201)
Ga0004748_15	606472	608712	0	color=(64,142,201)
Ga0004748_15	611446	614175	0	color=(64,142,201)
Ga0004748_15	621270	622013	0	color=(64,142,201)
Ga0004748_15	622605	625886	0	color=(64,142,201)
Ga0004748_15	628255	629508	0	color=(64,142,201)
Ga0004748_15	633008	633685	0	color=(64,142,201)
Ga0004748_15	639119	639280	0	color=(64,142,201)
Ga0004748_15	642513	643133	0	color=(64,142,201)
Ga0004748_15	655555	656664	0	color=(64,142,201)
Ga0004748_15	657837	659270	0	color=(64,142,201)
Ga0004748_15	659274	659552	0	color=(64,142,201)
Ga0004748_15	664411	664836	0	color=(64,142,201)
Ga0004748_15	664916	665857	0	color=(64,142,201)
Ga0004748_15	665950	666198	0	color=(64,142,201)
Ga0004748_15	666381	666779	0	color=(64,142,201)
Ga0004748_15	671236	672015	0	color=(64,142,201)
Ga0004748_15	678246	679784	0	color=(64,142,201)
Ga0004748_15	679781	680878	0	color=(64,142,201)
Ga0004748_15	682090	683472	0	color=(64,142,201)
Ga0004748_15	687613	689709	0	color=(64,142,201)
Ga0004748_15	690846	691241	0	color=(64,142,201)
Ga0004748_15	696194	697906	0	color=(64,142,201)
Ga0004748_15	698255	699292	0	color=(64,142,201)
Ga0004748_15	699310	700308	0	color=(64,142,201)
Ga0004748_15	701059	701865	0	color=(64,142,201)
Ga0004748_15	711691	712932	0	color=(64,142,201)
Ga0004748_15	716363	716959	0	color=(64,142,201)
Ga0004748_15	720817	721392	0	color=(64,142,201)
Ga0004748_15	721645	721902	0	color=(64,142,201)
Ga0004748_15	721941	723575	0	color=(64,142,201)
Ga0004748_15	728731	729969	0	color=(64,142,201)
Ga0004748_15	732964	734055	0	color=(64,142,201)
Ga0004748_15	734048	735511	0	color=(64,142,201)
Ga0004748_15	735578	736153	0	color=(64,142,201)
Ga0004748_15	738028	738678	0	color=(64,142,201)
Ga0004748_15	739577	740365	0	color=(64,142,201)
Ga0004748_15	744064	744873	0	color=(64,142,201)
Ga0004748_15	748990	750468	0	color=(64,142,201)
Ga0004748_15	750765	751253	0	color=(64,142,201)
Ga0004748_15	751365	752939	0	color=(64,142,201)
Ga0004748_15	764358	764789	0	color=(64,142,201)
Ga0004748_15	764860	765366	0	color=(64,142,201)
Ga0004748_15	765457	766164	0	color=(64,142,201)
Ga0004748_15	766653	767561	0	color=(64,142,201)
Ga0004748_15	768887	769831	0	color=(64,142,201)
Ga0004748_15	770826	771335	0	color=(64,142,201)
Ga0004748_15	773317	773682	0	color=(64,142,201)
Ga0004748_15	773679	774356	0	color=(64,142,201)
Ga0004748_15	775492	776247	0	color=(64,142,201)
Ga0004748_15	776732	777280	0	color=(64,142,201)
Ga0004748_15	777304	778323	0	color=(64,142,201)
Ga0004748_15	779793	781556	0	color=(64,142,201)
Ga0004748_15	781556	783307	0	color=(64,142,201)
Ga0004748_15	783430	783651	0	color=(64,142,201)
Ga0004748_15	786623	787426	0	color=(64,142,201)
Ga0004748_15	787426	788220	0	color=(64,142,201)
Ga0004748_15	793628	794431	0	color=(64,142,201)
Ga0004748_15	794432	794974	0	color=(64,142,201)
Ga0004748_15	800486	801109	0	color=(64,142,201)
Ga0004748_15	810257	812113	0	color=(64,142,201)
Ga0004748_15	815226	815768	0	color=(64,142,201)
Ga0004748_15	815946	816062	0	color=(64,142,201)
Ga0004748_15	816087	816398	0	color=(64,142,201)
Ga0004748_15	816560	817954	0	color=(64,142,201)
Ga0004748_15	818225	819307	0	color=(64,142,201)
Ga0004748_15	819444	820337	0	color=(64,142,201)
Ga0004748_15	820531	821346	0	color=(64,142,201)
Ga0004748_15	822416	824836	0	color=(64,142,201)
Ga0004748_15	828118	829140	0	color=(64,142,201)
Ga0004748_15	829133	830140	0	color=(64,142,201)
Ga0004748_15	835829	836467	0	color=(64,142,201)
Ga0004748_15	836560	836877	0	color=(64,142,201)
Ga0004748_15	839134	841854	0	color=(64,142,201)
Ga0004748_15	841950	843014	0	color=(64,142,201)
Ga0004748_15	846760	847161	0	color=(64,142,201)
Ga0004748_15	847184	847609	0	color=(64,142,201)
Ga0004748_15	847630	848301	0	color=(64,142,201)
Ga0004748_15	848325	848681	0	color=(64,142,201)
Ga0004748_15	850335	850526	0	color=(64,142,201)
Ga0004748_15	853086	854075	0	color=(64,142,201)
Ga0004748_15	859291	861210	0	color=(64,142,201)
Ga0004748_15	878064	879629	0	color=(64,142,201)
Ga0004748_15	882547	883125	0	color=(64,142,201)
Ga0004748_15	883189	884100	0	color=(64,142,201)
Ga0004748_15	888958	889917	0	color=(64,142,201)
Ga0004748_15	889918	890976	0	color=(64,142,201)
Ga0004748_15	894744	895106	0	color=(64,142,201)
Ga0004748_15	895048	897429	0	color=(64,142,201)
Ga0004748_15	905015	905941	0	color=(64,142,201)
Ga0004748_15	911421	911738	0	color=(64,142,201)
Ga0004748_15	918724	919605	0	color=(64,142,201)
Ga0004748_15	924514	925413	0	color=(64,142,201)
Ga0004748_15	941741	942997	0	color=(64,142,201)
Ga0004748_15	944181	944972	0	color=(64,142,201)
Ga0004748_15	961614	962165	0	color=(64,142,201)
Ga0004748_15	983474	985447	0	color=(64,142,201)
Ga0004748_15	996019	998742	0	color=(64,142,201)
Ga0004748_15	1003804	1004172	0	color=(64,142,201)
Ga0004748_15	1004188	1004664	0	color=(64,142,201)
Ga0004748_15	1004721	1006106	0	color=(64,142,201)
Ga0004748_15	1006274	1006528	0	color=(64,142,201)
Ga0004748_15	1016928	1018220	0	color=(64,142,201)
Ga0004748_15	1020027	1020485	0	color=(64,142,201)
Ga0004748_15	1025588	1025851	0	color=(64,142,201)
Ga0004748_15	1030081	1030998	0	color=(64,142,201)
Ga0004748_15	1034160	1034930	0	color=(64,142,201)
Ga0004748_15	1036148	1037317	0	color=(64,142,201)
Ga0004748_15	1037346	1038437	0	color=(64,142,201)
Ga0004748_15	1039881	1040855	0	color=(64,142,201)
Ga0004748_15	1042539	1044455	0	color=(64,142,201)
Ga0004748_15	1046709	1047071	0	color=(64,142,201)
Ga0004748_15	1054549	1055586	0	color=(64,142,201)
Ga0004748_15	1056484	1057713	0	color=(64,142,201)
Ga0004748_15	1062192	1063226	0	color=(64,142,201)
Ga0004748_15	1065073	1065978	0	color=(64,142,201)
Ga0004748_15	1066059	1066391	0	color=(64,142,201)
Ga0004748_15	1066395	1067018	0	color=(64,142,201)
Ga0004748_15	1067018	1068880	0	color=(64,142,201)
Ga0004748_15	1068914	1069963	0	color=(64,142,201)
Ga0004748_15	1070057	1070980	0	color=(64,142,201)
Ga0004748_15	1071478	1072413	0	color=(64,142,201)
Ga0004748_15	1073622	1074152	0	color=(64,142,201)
Ga0004748_15	1074793	1075461	0	color=(64,142,201)
Ga0004748_15	1075461	1076156	0	color=(64,142,201)
Ga0004748_15	1076149	1076958	0	color=(64,142,201)
Ga0004748_15	1082223	1083401	0	color=(64,142,201)
Ga0004748_15	1087201	1087503	0	color=(64,142,201)
Ga0004748_15	1089642	1089821	0	color=(64,142,201)
Ga0004748_15	1096409	1096636	0	color=(64,142,201)
Ga0004748_15	1102281	1102427	0	color=(64,142,201)
Ga0004748_15	1107208	1108074	0	color=(64,142,201)
Ga0004748_15	1114042	1114530	0	color=(64,142,201)
Ga0004748_15	1117181	1118038	0	color=(64,142,201)
Ga0004748_15	1118136	1118372	0	color=(64,142,201)
Ga0004748_15	1124232	1124885	0	color=(64,142,201)
Ga0004748_15	1125049	1125282	0	color=(64,142,201)
Ga0004748_15	1126226	1127767	0	color=(64,142,201)
Ga0004748_15	1131679	1132113	0	color=(64,142,201)
Ga0004748_15	1133128	1134402	0	color=(64,142,201)
Ga0004748_15	1137505	1138347	0	color=(64,142,201)
Ga0004748_15	1138348	1139649	0	color=(64,142,201)
Ga0004748_15	1147100	1147555	0	color=(64,142,201)
Ga0004748_15	1147687	1148118	0	color=(64,142,201)
Ga0004748_15	1148967	1149695	0	color=(64,142,201)
Ga0004748_15	1153797	1154558	0	color=(64,142,201)
Ga0004748_15	1154572	1155339	0	color=(64,142,201)
Ga0004748_15	1165052	1165327	0	color=(64,142,201)
Ga0004748_15	1166584	1167720	0	color=(64,142,201)
Ga0004748_15	1170283	1170501	0	color=(64,142,201)
Ga0004748_15	1173271	1175334	0	color=(64,142,201)
Ga0004748_15	1180376	1181278	0	color=(64,142,201)
Ga0004748_15	1185189	1186055	0	color=(64,142,201)
Ga0004748_15	1186988	1188460	0	color=(64,142,201)
Ga0004748_15	1189022	1189372	0	color=(64,142,201)
Ga0004748_15	1190406	1190864	0	color=(64,142,201)
Ga0004748_15	1190879	1191301	0	color=(64,142,201)
Ga0004748_15	1191288	1191908	0	color=(64,142,201)
Ga0004748_15	1192122	1193648	0	color=(64,142,201)
Ga0004748_15	1195516	1196706	0	color=(64,142,201)
Ga0004748_15	1198129	1199217	0	color=(64,142,201)
Ga0004748_15	1201463	1202752	0	color=(64,142,201)
Ga0004748_15	1202785	1203747	0	color=(64,142,201)
Ga0004748_15	1209279	1209509	0	color=(64,142,201)
Ga0004748_15	1210176	1210823	0	color=(64,142,201)
Ga0004748_15	1218794	1220113	0	color=(64,142,201)
Ga0004748_15	1221665	1222588	0	color=(64,142,201)
Ga0004748_15	1233833	1234189	0	color=(64,142,201)
Ga0004748_15	1234832	1236205	0	color=(64,142,201)
Ga0004748_15	1236254	1238545	0	color=(64,142,201)
Ga0004748_15	1238911	1239690	0	color=(64,142,201)
Ga0004748_15	1240507	1241058	0	color=(64,142,201)
Ga0004748_15	1254465	1257170	0	color=(64,142,201)
Ga0004748_15	1257244	1257944	0	color=(64,142,201)
Ga0004748_15	1261714	1261953	0	color=(64,142,201)
Ga0004748_15	1262597	1263565	0	color=(64,142,201)
Ga0004748_15	1264381	1265040	0	color=(64,142,201)
Ga0004748_15	1267731	1268435	0	color=(64,142,201)
Ga0004748_15	1268544	1269722	0	color=(64,142,201)
Ga0004748_15	1280483	1280716	0	color=(64,142,201)
Ga0004748_15	1281869	1283395	0	color=(64,142,201)
Ga0004748_15	1285136	1286434	0	color=(64,142,201)
Ga0004748_15	1299046	1299240	0	color=(64,142,201)
Ga0004748_15	1299354	1299998	0	color=(64,142,201)
Ga0004748_15	1300014	1300676	0	color=(64,142,201)
Ga0004748_15	1300666	1301298	0	color=(64,142,201)
Ga0004748_15	1301311	1302483	0	color=(64,142,201)
Ga0004748_15	1302494	1302790	0	color=(64,142,201)
Ga0004748_15	1302901	1303104	0	color=(64,142,201)
Ga0004748_15	1303121	1303633	0	color=(64,142,201)
Ga0004748_15	1304584	1304865	0	color=(64,142,201)
Ga0004748_15	1305616	1305918	0	color=(64,142,201)
Ga0004748_15	1308093	1308581	0	color=(64,142,201)
Ga0004748_15	1308826	1309746	0	color=(64,142,201)
Ga0004748_15	1309826	1310227	0	color=(64,142,201)
Ga0004748_15	1313020	1313691	0	color=(64,142,201)
Ga0004748_15	1315771	1316154	0	color=(64,142,201)
Ga0004748_15	1318773	1319105	0	color=(64,142,201)
Ga0004748_15	1319107	1319421	0	color=(64,142,201)
Ga0004748_15	1319437	1319694	0	color=(64,142,201)
Ga0004748_15	1319711	1319896	0	color=(64,142,201)
Ga0004748_15	1320144	1320740	0	color=(64,142,201)
Ga0004748_15	1320773	1321405	0	color=(64,142,201)
Ga0004748_15	1321420	1322088	0	color=(64,142,201)
Ga0004748_15	1323437	1323628	0	color=(64,142,201)
Ga0004748_15	1331832	1332464	0	color=(64,142,201)
Ga0004748_15	1334207	1334578	0	color=(64,142,201)
Ga0004748_15	1334575	1335045	0	color=(64,142,201)
Ga0004748_15	1335015	1335317	0	color=(64,142,201)
Ga0004748_15	1335310	1335765	0	color=(64,142,201)
Ga0004748_15	1335762	1336061	0	color=(64,142,201)
Ga0004748_15	1336073	1337113	0	color=(64,142,201)
Ga0004748_15	1339168	1339410	0	color=(64,142,201)
Ga0004748_15	1339518	1340912	0	color=(64,142,201)
Ga0004748_15	1343325	1343585	0	color=(64,142,201)
Ga0004748_15	1356318	1356590	0	color=(64,142,201)
Ga0004748_15	1363364	1364230	0	color=(64,142,201)
Ga0004748_15	1364232	1365182	0	color=(64,142,201)
Ga0004748_15	1365210	1366127	0	color=(64,142,201)
Ga0004748_15	1366460	1368586	0	color=(64,142,201)
Ga0004748_15	1368696	1369973	0	color=(64,142,201)
Ga0004748_15	1371240	1371998	0	color=(64,142,201)
Ga0004748_15	1372064	1372429	0	color=(64,142,201)
Ga0004748_15	1374204	1375037	0	color=(64,142,201)
Ga0004748_15	1375987	1376865	0	color=(64,142,201)
Ga0004748_15	1383656	1384012	0	color=(64,142,201)
Ga0004748_15	1392321	1392674	0	color=(64,142,201)
Ga0004748_15	1393138	1395282	0	color=(64,142,201)
Ga0004748_15	1396440	1397639	0	color=(64,142,201)
Ga0004748_15	1412198	1412563	0	color=(64,142,201)
Ga0004748_15	1415544	1415678	0	color=(64,142,201)
Ga0004748_15	1415710	1418031	0	color=(64,142,201)
Ga0004748_15	1418667	1419266	0	color=(64,142,201)
Ga0004748_15	1428051	1428941	0	color=(64,142,201)
Ga0004748_15	1436514	1437014	0	color=(64,142,201)
Ga0004748_15	1438605	1438943	0	color=(64,142,201)
Ga0004748_15	1439175	1440413	0	color=(64,142,201)
Ga0004748_15	1447230	1447634	0	color=(64,142,201)
Ga0004748_15	1451538	1452566	0	color=(64,142,201)
Ga0004748_15	1453677	1453904	0	color=(64,142,201)
Ga0004748_15	1460775	1461437	0	color=(64,142,201)
Ga0004748_15	1461554	1463308	0	color=(64,142,201)
Ga0004748_15	1467894	1468964	0	color=(64,142,201)
Ga0004748_15	1473772	1474839	0	color=(64,142,201)
Ga0004748_15	1475016	1475228	0	color=(64,142,201)
Ga0004748_15	1495001	1495894	0	color=(64,142,201)
Ga0004748_15	1496051	1498315	0	color=(64,142,201)
Ga0004748_15	1499055	1500614	0	color=(64,142,201)
Ga0004748_15	1500695	1501342	0	color=(64,142,201)
Ga0004748_15	1501446	1501829	0	color=(64,142,201)
Ga0004748_15	1501866	1502126	0	color=(64,142,201)
Ga0004748_15	1504378	1504560	0	color=(64,142,201)
Ga0004748_15	1506388	1507332	0	color=(64,142,201)
Ga0004748_15	1508305	1508739	0	color=(64,142,201)
Ga0004748_15	1519042	1520955	0	color=(64,142,201)
Ga0004748_15	1521005	1522927	0	color=(64,142,201)
Ga0004748_15	1523772	1524884	0	color=(64,142,201)
Ga0004748_15	1530174	1531034	0	color=(64,142,201)
Ga0004748_15	1531027	1531773	0	color=(64,142,201)
Ga0004748_15	1533429	1533974	0	color=(64,142,201)
Ga0004748_15	1533989	1534840	0	color=(64,142,201)
Ga0004748_15	1537592	1538542	0	color=(64,142,201)
Ga0004748_15	1549412	1550245	0	color=(64,142,201)
Ga0004748_15	1556025	1557695	0	color=(64,142,201)
Ga0004748_15	1562110	1562358	0	color=(64,142,201)
Ga0004748_15	1569188	1570513	0	color=(64,142,201)
Ga0004748_15	1573664	1574959	0	color=(64,142,201)
Ga0004748_15	1576480	1576665	0	color=(64,142,201)
Ga0004748_15	1577408	1578373	0	color=(64,142,201)
Ga0004748_15	1578517	1579182	0	color=(64,142,201)
Ga0004748_15	1579792	1581018	0	color=(64,142,201)
Ga0004748_15	1583102	1583890	0	color=(64,142,201)
Ga0004748_15	1583880	1584674	0	color=(64,142,201)
Ga0004748_15	1584941	1585720	0	color=(64,142,201)
Ga0004748_15	1588854	1589480	0	color=(64,142,201)
Ga0004748_15	1600445	1602481	0	color=(64,142,201)
Ga0004748_15	1604372	1604704	0	color=(64,142,201)
Ga0004748_15	1604768	1605463	0	color=(64,142,201)
Ga0004748_15	1605488	1606368	0	color=(64,142,201)
Ga0004748_15	1606404	1607108	0	color=(64,142,201)
Ga0004748_15	1607143	1607304	0	color=(64,142,201)
Ga0004748_15	1608346	1609281	0	color=(64,142,201)
Ga0004748_15	1612441	1613205	0	color=(64,142,201)
Ga0004748_15	1613998	1614981	0	color=(64,142,201)
Ga0004748_15	1615960	1618743	0	color=(64,142,201)
Ga0004748_15	1618768	1619226	0	color=(64,142,201)
Ga0004748_15	1619250	1619963	0	color=(64,142,201)
Ga0004748_15	1620454	1621779	0	color=(64,142,201)
Ga0004748_15	1627298	1627837	0	color=(64,142,201)
Ga0004748_15	1629551	1629802	0	color=(64,142,201)
Ga0004748_15	1637829	1638542	0	color=(64,142,201)
Ga0004748_15	1638729	1639100	0	color=(64,142,201)
Ga0004748_15	1639139	1639495	0	color=(64,142,201)
Ga0004748_15	1639517	1641316	0	color=(64,142,201)
Ga0004748_15	1641329	1641982	0	color=(64,142,201)
Ga0004748_15	1655968	1656600	0	color=(64,142,201)
Ga0004748_15	1660435	1662198	0	color=(64,142,201)
Ga0004748_15	1668224	1668685	0	color=(64,142,201)
Ga0004748_15	1669071	1670189	0	color=(64,142,201)
Ga0004748_15	1670802	1671191	0	color=(64,142,201)
Ga0004748_15	1681747	1682085	0	color=(64,142,201)
Ga0004748_15	1682082	1682585	0	color=(64,142,201)
Ga0004748_15	1683729	1684034	0	color=(64,142,201)
Ga0004748_15	1684042	1684305	0	color=(64,142,201)
Ga0004748_15	1688620	1688994	0	color=(64,142,201)
Ga0004748_15	1689930	1690136	0	color=(64,142,201)
Ga0004748_15	1692078	1692479	0	color=(64,142,201)
Ga0004748_15	1695407	1696102	0	color=(64,142,201)
Ga0004748_15	1700603	1701265	0	color=(64,142,201)
Ga0004748_15	1707156	1707794	0	color=(64,142,201)
Ga0004748_15	1715803	1717515	0	color=(64,142,201)
Ga0004748_15	1718690	1719634	0	color=(64,142,201)
Ga0004748_15	1726488	1726733	0	color=(64,142,201)
Ga0004748_15	1727240	1727695	0	color=(64,142,201)
Ga0004748_15	1733854	1734195	0	color=(64,142,201)
Ga0004748_15	1734954	1736411	0	color=(64,142,201)
Ga0004748_15	1738373	1738771	0	color=(64,142,201)
Ga0004748_15	1738820	1739092	0	color=(64,142,201)
Ga0004748_15	1739546	1739782	0	color=(64,142,201)
Ga0004748_15	1744249	1744806	0	color=(64,142,201)
Ga0004748_15	1746292	1746696	0	color=(64,142,201)
Ga0004748_15	1747867	1748772	0	color=(64,142,201)
Ga0004748_15	1771588	1773240	0	color=(64,142,201)
Ga0004748_15	1775091	1776530	0	color=(64,142,201)
Ga0004748_15	1780038	1780895	0	color=(64,142,201)
Ga0004748_15	1791980	1792162	0	color=(64,142,201)
Ga0004748_15	1793489	1795519	0	color=(64,142,201)
Ga0004748_15	1795537	1796637	0	color=(64,142,201)
Ga0004748_15	1797785	1797970	0	color=(64,142,201)
Ga0004748_15	1802593	1803786	0	color=(64,142,201)
Ga0004748_15	1804126	1805349	0	color=(64,142,201)
Ga0004748_15	1806799	1808658	0	color=(64,142,201)
Ga0004748_15	1809724	1810746	0	color=(64,142,201)
Ga0004748_15	1813956	1815257	0	color=(64,142,201)
Ga0004748_15	1817935	1818468	0	color=(64,142,201)
Ga0004748_15	1821248	1821427	0	color=(64,142,201)
Ga0004748_15	1825289	1825672	0	color=(64,142,201)
Ga0004748_15	1825952	1826173	0	color=(64,142,201)
Ga0004748_15	1826202	1827107	0	color=(64,142,201)
Ga0004748_15	1830252	1831268	0	color=(64,142,201)
Ga0004748_15	1831627	1831944	0	color=(64,142,201)
Ga0004748_15	1835376	1836596	0	color=(64,142,201)
Ga0004748_15	1836593	1837846	0	color=(64,142,201)
Ga0004748_15	1839116	1841185	0	color=(64,142,201)
Ga0004748_15	1841562	1841792	0	color=(64,142,201)
Ga0004748_15	1842220	1843227	0	color=(64,142,201)
Ga0004748_15	1843996	1844802	0	color=(64,142,201)
Ga0004748_15	1847268	1847804	0	color=(64,142,201)
Ga0004748_15	1848882	1849031	0	color=(64,142,201)
Ga0004748_15	1849033	1849263	0	color=(64,142,201)
Ga0004748_15	1849278	1849508	0	color=(64,142,201)
Ga0004748_15	1849859	1850089	0	color=(64,142,201)
Ga0004748_15	1851775	1853124	0	color=(64,142,201)
Ga0004748_15	1853114	1854142	0	color=(64,142,201)
Ga0004748_15	1855218	1856255	0	color=(64,142,201)
Ga0004748_15	1856443	1857315	0	color=(64,142,201)
Ga0004748_15	1861068	1862138	0	color=(64,142,201)
Ga0004748_15	1863318	1865060	0	color=(64,142,201)
Ga0004748_15	1876641	1893740	0	color=(64,142,201)
Ga0004748_15	1895053	1895871	0	color=(64,142,201)
Ga0004748_15	1896412	1896816	0	color=(64,142,201)
Ga0004748_15	1898580	1898750	0	color=(64,142,201)
Ga0004748_15	1898764	1900752	0	color=(64,142,201)
Ga0004748_15	1901359	1902030	0	color=(64,142,201)
Ga0004748_15	1902238	1904088	0	color=(64,142,201)
Ga0004748_15	1904812	1905432	0	color=(64,142,201)
Ga0004748_15	1905522	1906013	0	color=(64,142,201)
Ga0004748_15	1906706	1906921	0	color=(64,142,201)
Ga0004748_15	1911415	1911672	0	color=(64,142,201)
Ga0004748_15	1912126	1912725	0	color=(64,142,201)
Ga0004748_15	1913446	1915395	0	color=(64,142,201)
Ga0004748_15	1917377	1918006	0	color=(64,142,201)
Ga0004748_15	1918030	1918668	0	color=(64,142,201)
Ga0004748_15	1919845	1920867	0	color=(64,142,201)
Ga0004748_15	1920962	1922941	0	color=(64,142,201)
Ga0004748_15	1923010	1924965	0	color=(64,142,201)
Ga0004748_15	1925734	1927710	0	color=(64,142,201)
Ga0004748_15	1927764	1927955	0	color=(64,142,201)
Ga0004748_15	1928126	1929451	0	color=(64,142,201)
Ga0004748_15	1934598	1935458	0	color=(64,142,201)
Ga0004748_15	1935541	1936647	0	color=(64,142,201)
Ga0004748_15	1945379	1946332	0	color=(64,142,201)
Ga0004748_15	1950845	1950979	0	color=(64,142,201)
Ga0004748_15	1959593	1960198	0	color=(64,142,201)
Ga0004748_15	1960232	1964455	0	color=(64,142,201)
Ga0004748_15	1973571	1974251	0	color=(64,142,201)
Ga0004748_15	1974344	1975339	0	color=(64,142,201)
Ga0004748_15	1977474	1977707	0	color=(64,142,201)
Ga0004748_15	1984608	1984784	0	color=(64,142,201)
Ga0004748_15	1986287	1987612	0	color=(64,142,201)
Ga0004748_15	1987692	1988159	0	color=(64,142,201)
Ga0004748_15	1992025	1992618	0	color=(64,142,201)
Ga0004748_15	1997938	1998564	0	color=(64,142,201)
Ga0004748_15	1998650	1998967	0	color=(64,142,201)
Ga0004748_15	2001460	2002449	0	color=(64,142,201)
Ga0004748_15	2002564	2011341	0	color=(64,142,201)
Ga0004748_15	2012486	2013733	0	color=(64,142,201)
Ga0004748_15	2015205	2015558	0	color=(64,142,201)
Ga0004748_15	2015807	2015983	0	color=(64,142,201)
Ga0004748_15	2021820	2022191	0	color=(64,142,201)
Ga0004748_15	2022889	2023686	0	color=(64,142,201)
Ga0004748_15	2024759	2025547	0	color=(64,142,201)
Ga0004748_15	2025884	2026561	0	color=(64,142,201)
Ga0004748_15	2042991	2043806	0	color=(64,142,201)
Ga0004748_15	2047669	2048400	0	color=(64,142,201)
Ga0004748_15	2057895	2058560	0	color=(64,142,201)
Ga0004748_15	2063955	2064146	0	color=(64,142,201)
Ga0004748_15	2065146	2065793	0	color=(64,142,201)
Ga0004748_15	2065859	2066872	0	color=(64,142,201)
Ga0004748_15	2068682	2069395	0	color=(64,142,201)
Ga0004748_15	2069637	2069765	0	color=(64,142,201)
Ga0004748_15	2077378	2078220	0	color=(64,142,201)
Ga0004748_15	2080146	2082146	0	color=(64,142,201)
Ga0004748_15	2083119	2083301	0	color=(64,142,201)
Ga0004748_15	2083380	2084552	0	color=(64,142,201)
Ga0004748_15	2084672	2085982	0	color=(64,142,201)
Ga0004748_15	2086450	2086677	0	color=(64,142,201)
Ga0004748_15	2086759	2087574	0	color=(64,142,201)
Ga0004748_15	2087704	2088486	0	color=(64,142,201)
Ga0004748_15	2088515	2088799	0	color=(64,142,201)
Ga0004748_15	2089077	2089970	0	color=(64,142,201)
Ga0004748_15	2091063	2091449	0	color=(64,142,201)
Ga0004748_15	2091698	2091838	0	color=(64,142,201)
Ga0004748_15	2091935	2092987	0	color=(64,142,201)
Ga0004748_15	2093030	2093737	0	color=(64,142,201)
Ga0004748_15	2094179	2094793	0	color=(64,142,201)
Ga0004748_15	2097138	2098580	0	color=(64,142,201)
Ga0004748_15	2098722	2099624	0	color=(64,142,201)
Ga0004748_15	2099692	2099946	0	color=(64,142,201)
Ga0004748_15	2103291	2104985	0	color=(64,142,201)
Ga0004748_15	2105199	2106890	0	color=(64,142,201)
Ga0004748_15	2107378	2109048	0	color=(64,142,201)
Ga0004748_15	2111023	2111616	0	color=(64,142,201)
Ga0004748_15	2111696	2112895	0	color=(64,142,201)
Ga0004748_15	2113804	2115237	0	color=(64,142,201)
Ga0004748_15	2116240	2116437	0	color=(64,142,201)
Ga0004748_15	2116453	2116734	0	color=(64,142,201)
Ga0004748_15	2118525	2119694	0	color=(64,142,201)
Ga0004748_15	2119739	2120920	0	color=(64,142,201)
Ga0004748_15	2121424	2122605	0	color=(64,142,201)
Ga0004748_15	2122935	2124377	0	color=(64,142,201)
Ga0004748_15	2124710	2126140	0	color=(64,142,201)
Ga0004748_15	2132109	2133032	0	color=(64,142,201)
Ga0004748_15	2134001	2135215	0	color=(64,142,201)
Ga0004748_15	2141696	2143198	0	color=(64,142,201)
Ga0004748_15	2143237	2144295	0	color=(64,142,201)
Ga0004748_15	2144612	2145046	0	color=(64,142,201)
Ga0004748_15	2145043	2145399	0	color=(64,142,201)
Ga0004748_15	2145748	2145960	0	color=(64,142,201)
Ga0004748_15	2146140	2147333	0	color=(64,142,201)
Ga0004748_15	2149982	2150386	0	color=(64,142,201)
Ga0004748_15	2156260	2157540	0	color=(64,142,201)
Ga0004748_15	2160299	2161363	0	color=(64,142,201)
Ga0004748_15	2161360	2162376	0	color=(64,142,201)
Ga0004748_15	2165653	2166585	0	color=(64,142,201)
Ga0004748_15	2171585	2171818	0	color=(64,142,201)
Ga0004748_15	2171913	2172605	0	color=(64,142,201)
Ga0004748_15	2172602	2172970	0	color=(64,142,201)
Ga0004748_15	2183563	2184783	0	color=(64,142,201)
Ga0004748_15	2185988	2188306	0	color=(64,142,201)
Ga0004748_15	2189279	2189632	0	color=(64,142,201)
Ga0004748_15	2190653	2191129	0	color=(64,142,201)
Ga0004748_15	2192143	2192493	0	color=(64,142,201)
Ga0004748_15	2192732	2193601	0	color=(64,142,201)
Ga0004748_15	2198683	2199489	0	color=(64,142,201)
Ga0004748_15	2203612	2204424	0	color=(64,142,201)
Ga0004748_15	2205535	2205915	0	color=(64,142,201)
Ga0004748_15	2211591	2212211	0	color=(64,142,201)
Ga0004748_15	2213070	2213297	0	color=(64,142,201)
Ga0004748_15	2213314	2213709	0	color=(64,142,201)
Ga0004748_15	2213706	2213927	0	color=(64,142,201)
Ga0004748_15	2214452	2215474	0	color=(64,142,201)
Ga0004748_15	2218477	2220192	0	color=(64,142,201)
Ga0004748_15	2220462	2221646	0	color=(64,142,201)
Ga0004748_15	2221756	2223243	0	color=(64,142,201)
Ga0004748_15	2223311	2224204	0	color=(64,142,201)
Ga0004748_15	2230170	2230736	0	color=(64,142,201)
Ga0004748_15	2231381	2232136	0	color=(64,142,201)
Ga0004748_15	2232208	2232903	0	color=(64,142,201)
Ga0004748_15	2232890	2233678	0	color=(64,142,201)
Ga0004748_15	2242374	2243504	0	color=(64,142,201)
Ga0004748_15	2246707	2247780	0	color=(64,142,201)
Ga0004748_15	2252271	2253452	0	color=(64,142,201)
Ga0004748_15	2256082	2257389	0	color=(64,142,201)
Ga0004748_15	2260133	2261434	0	color=(64,142,201)
Ga0004748_15	2261975	2263192	0	color=(64,142,201)
Ga0004748_15	2263357	2264514	0	color=(64,142,201)
Ga0004748_15	2264975	2266975	0	color=(64,142,201)
Ga0004748_15	2268042	2269127	0	color=(64,142,201)
Ga0004748_15	2269625	2270980	0	color=(64,142,201)
Ga0004748_15	2270973	2271998	0	color=(64,142,201)
Ga0004748_15	2272410	2273768	0	color=(64,142,201)
Ga0004748_15	2279020	2280681	0	color=(64,142,201)
Ga0004748_15	2280979	2281296	0	color=(64,142,201)
Ga0004748_15	2281361	2281852	0	color=(64,142,201)
Ga0004748_15	2281903	2282268	0	color=(64,142,201)
Ga0004748_15	2282814	2284742	0	color=(64,142,201)
Ga0004748_15	2288450	2289661	0	color=(64,142,201)
Ga0004748_15	2289923	2290678	0	color=(64,142,201)
Ga0004748_15	2290675	2291976	0	color=(64,142,201)
Ga0004748_15	2292651	2294165	0	color=(64,142,201)
Ga0004748_15	2296351	2297730	0	color=(64,142,201)
Ga0004748_15	2297743	2299293	0	color=(64,142,201)
Ga0004748_15	2304380	2304865	0	color=(64,142,201)
Ga0004748_15	2307365	2308045	0	color=(64,142,201)
Ga0004748_15	2308160	2309362	0	color=(64,142,201)
Ga0004748_15	2310036	2311229	0	color=(64,142,201)
Ga0004748_15	2311807	2312319	0	color=(64,142,201)
Ga0004748_15	2312429	2313763	0	color=(64,142,201)
Ga0004748_15	2314814	2315596	0	color=(64,142,201)
Ga0004748_15	2315663	2317111	0	color=(64,142,201)
Ga0004748_15	2318974	2319804	0	color=(64,142,201)
Ga0004748_15	2319903	2320811	0	color=(64,142,201)
Ga0004748_15	2326167	2327543	0	color=(64,142,201)
Ga0004748_15	2328495	2329898	0	color=(64,142,201)
Ga0004748_15	2329929	2330588	0	color=(64,142,201)
Ga0004748_15	2336400	2337305	0	color=(64,142,201)
Ga0004748_15	2337468	2338175	0	color=(64,142,201)
Ga0004748_15	2340304	2341323	0	color=(64,142,201)
Ga0004748_15	2343632	2343868	0	color=(64,142,201)
Ga0004748_15	2344071	2345585	0	color=(64,142,201)
Ga0004748_15	2345593	2347095	0	color=(64,142,201)
Ga0004748_15	2347092	2348954	0	color=(64,142,201)
Ga0004748_15	2348985	2349299	0	color=(64,142,201)
Ga0004748_15	2349292	2349816	0	color=(64,142,201)
Ga0004748_15	2350258	2351259	0	color=(64,142,201)
Ga0004748_15	2354337	2354705	0	color=(64,142,201)
Ga0004748_15	2354960	2357689	0	color=(64,142,201)
Ga0004748_15	2357713	2358357	0	color=(64,142,201)
Ga0004748_15	2358407	2359192	0	color=(64,142,201)
Ga0004748_15	2364584	2365090	0	color=(64,142,201)
Ga0004748_15	2365220	2365438	0	color=(64,142,201)
Ga0004748_15	2365495	2366214	0	color=(64,142,201)
Ga0004748_15	2366222	2366614	0	color=(64,142,201)
Ga0004748_15	2366614	2366838	0	color=(64,142,201)
Ga0004748_15	2372501	2372887	0	color=(64,142,201)
Ga0004748_15	2373739	2374017	0	color=(64,142,201)
Ga0004748_15	2374097	2374228	0	color=(64,142,201)
Ga0004748_15	2374248	2374796	0	color=(64,142,201)
Ga0004748_15	2376531	2377394	0	color=(64,142,201)
Ga0004748_15	2395410	2397521	0	color=(64,142,201)
Ga0004748_15	2400125	2402803	0	color=(64,142,201)
Ga0004748_15	2406469	2407599	0	color=(64,142,201)
Ga0004748_15	2407600	2408334	0	color=(64,142,201)
Ga0004748_15	2427158	2427520	0	color=(64,142,201)
Ga0004748_15	2427754	2428791	0	color=(64,142,201)
Ga0004748_15	2431262	2432425	0	color=(64,142,201)
Ga0004748_15	2433817	2435868	0	color=(64,142,201)
Ga0004748_15	2436438	2437112	0	color=(64,142,201)
Ga0004748_15	2440856	2441872	0	color=(64,142,201)
Ga0004748_15	2441869	2442924	0	color=(64,142,201)
Ga0004748_15	2449977	2450345	0	color=(64,142,201)
Ga0004748_15	2450704	2451696	0	color=(64,142,201)
Ga0004748_15	2451792	2453075	0	color=(64,142,201)
Ga0004748_15	2454335	2454628	0	color=(64,142,201)
Ga0004748_15	2455364	2456356	0	color=(64,142,201)
Ga0004748_15	2457263	2458144	0	color=(64,142,201)
Ga0004748_15	2459230	2459856	0	color=(64,142,201)
Ga0004748_15	2464029	2465258	0	color=(64,142,201)
Ga0004748_15	2470943	2471998	0	color=(64,142,201)
Ga0004748_15	2472344	2474419	0	color=(64,142,201)
Ga0004748_15	2475477	2476676	0	color=(64,142,201)
Ga0004748_15	2478859	2480331	0	color=(64,142,201)
Ga0004748_15	2480796	2481428	0	color=(64,142,201)
Ga0004748_15	2483075	2484388	0	color=(64,142,201)
Ga0004748_15	2485267	2485840	0	color=(64,142,201)
Ga0004748_15	2487143	2488555	0	color=(64,142,201)
Ga0004748_15	2490474	2491928	0	color=(64,142,201)
Ga0004748_15	2492073	2492456	0	color=(64,142,201)
Ga0004748_15	2492493	2493464	0	color=(64,142,201)
Ga0004748_15	2494504	2497620	0	color=(64,142,201)
Ga0004748_15	2498716	2499750	0	color=(64,142,201)
Ga0004748_15	2500075	2500767	0	color=(64,142,201)
Ga0004748_15	2500803	2501234	0	color=(64,142,201)
Ga0004748_15	2502085	2503854	0	color=(64,142,201)
Ga0004748_15	2504179	2505477	0	color=(64,142,201)
Ga0004748_15	2505530	2507098	0	color=(64,142,201)
Ga0004748_15	2510453	2511043	0	color=(64,142,201)
Ga0004748_15	2512689	2513336	0	color=(64,142,201)
Ga0004748_15	2514210	2515448	0	color=(64,142,201)
Ga0004748_15	2524564	2525739	0	color=(64,142,201)
Ga0004748_15	2526581	2527423	0	color=(64,142,201)
Ga0004748_15	2527404	2528720	0	color=(64,142,201)
Ga0004748_15	2528717	2530558	0	color=(64,142,201)
Ga0004748_15	2535388	2537361	0	color=(64,142,201)
Ga0004748_15	2537440	2538375	0	color=(64,142,201)
Ga0004748_15	2541199	2542080	0	color=(64,142,201)
Ga0004748_15	2550626	2551393	0	color=(64,142,201)
Ga0004748_16	3774	6818	0	color=(64,142,201)
Ga0004748_16	7524	8444	0	color=(64,142,201)
Ga0004748_16	8447	9337	0	color=(64,142,201)
Ga0004748_16	11775	13175	0	color=(64,142,201)
Ga0004748_16	14537	15661	0	color=(64,142,201)
Ga0004748_16	15662	17131	0	color=(64,142,201)
Ga0004748_16	17242	18714	0	color=(64,142,201)
Ga0004748_16	18711	18908	0	color=(64,142,201)
Ga0004748_16	20218	20928	0	color=(64,142,201)
Ga0004748_16	21305	22720	0	color=(64,142,201)
Ga0004748_16	23003	23878	0	color=(64,142,201)
Ga0004748_16	23912	25846	0	color=(64,142,201)
Ga0004748_16	25860	26462	0	color=(64,142,201)
Ga0004748_16	26463	26774	0	color=(64,142,201)
Ga0004748_16	26996	28825	0	color=(64,142,201)
Ga0004748_16	28914	29135	0	color=(64,142,201)
Ga0004748_16	29620	30054	0	color=(64,142,201)
Ga0004748_16	30463	31755	0	color=(64,142,201)
Ga0004748_16	32036	33427	0	color=(64,142,201)
Ga0004748_16	33609	35156	0	color=(64,142,201)
Ga0004748_16	35192	36913	0	color=(64,142,201)
Ga0004748_16	37056	38357	0	color=(64,142,201)
Ga0004748_16	38611	39996	0	color=(64,142,201)
Ga0004748_16	41246	41878	0	color=(64,142,201)
Ga0004748_16	41996	42469	0	color=(64,142,201)
Ga0004748_16	45372	46184	0	color=(64,142,201)
Ga0004748_16	47157	48308	0	color=(64,142,201)
Ga0004748_16	53129	53473	0	color=(64,142,201)
Ga0004748_16	54870	56024	0	color=(64,142,201)
Ga0004748_16	56041	56370	0	color=(64,142,201)
Ga0004748_16	56392	56733	0	color=(64,142,201)
Ga0004748_16	57052	59451	0	color=(64,142,201)
Ga0004748_16	61457	62392	0	color=(64,142,201)
Ga0004748_16	66309	67922	0	color=(64,142,201)
Ga0004748_16	68670	70019	0	color=(64,142,201)
Ga0004748_16	72248	73216	0	color=(64,142,201)
Ga0004748_16	73235	74140	0	color=(64,142,201)
Ga0004748_16	76844	78295	0	color=(64,142,201)
Ga0004748_16	80564	81955	0	color=(64,142,201)
Ga0004748_16	83584	85017	0	color=(64,142,201)
Ga0004748_16	86571	88001	0	color=(64,142,201)
Ga0004748_16	88205	88849	0	color=(64,142,201)
Ga0004748_16	88850	89506	0	color=(64,142,201)
Ga0004748_16	89591	90421	0	color=(64,142,201)
Ga0004748_16	91299	92762	0	color=(64,142,201)
Ga0004748_16	94080	95582	0	color=(64,142,201)
Ga0004748_16	95563	96669	0	color=(64,142,201)
Ga0004748_16	99483	100910	0	color=(64,142,201)
Ga0004748_16	102212	103609	0	color=(64,142,201)
Ga0004748_16	106393	107922	0	color=(64,142,201)
Ga0004748_16	115940	116998	0	color=(64,142,201)
Ga0004748_16	116995	117999	0	color=(64,142,201)
Ga0004748_16	119521	120870	0	color=(64,142,201)
Ga0004748_16	122385	124004	0	color=(64,142,201)
Ga0004748_16	125651	126949	0	color=(64,142,201)
Ga0004748_16	127536	128714	0	color=(64,142,201)
Ga0004748_16	128901	129917	0	color=(64,142,201)
Ga0004748_16	130152	131414	0	color=(64,142,201)
Ga0004748_16	132663	133211	0	color=(64,142,201)
Ga0004748_16	133275	134975	0	color=(64,142,201)
Ga0004748_16	135142	135273	0	color=(64,142,201)
Ga0004748_16	138413	140779	0	color=(64,142,201)
Ga0004748_16	141497	142912	0	color=(64,142,201)
Ga0004748_16	144518	146389	0	color=(64,142,201)
Ga0004748_16	152278	152400	0	color=(64,142,201)
Ga0004748_16	153468	154922	0	color=(64,142,201)
Ga0004748_16	157134	158060	0	color=(64,142,201)
Ga0004748_16	160324	161670	0	color=(64,142,201)
Ga0004748_16	162497	164101	0	color=(64,142,201)
Ga0004748_16	164180	166162	0	color=(64,142,201)
Ga0004748_16	168212	169447	0	color=(64,142,201)
Ga0004748_16	172866	173687	0	color=(64,142,201)
Ga0004748_16	173684	174616	0	color=(64,142,201)
Ga0004748_16	178159	178662	0	color=(64,142,201)
Ga0004748_16	179307	180611	0	color=(64,142,201)
Ga0004748_16	181353	182954	0	color=(64,142,201)
Ga0004748_16	183105	185081	0	color=(64,142,201)
Ga0004748_16	185330	186898	0	color=(64,142,201)
Ga0004748_16	186911	187459	0	color=(64,142,201)
Ga0004748_16	190850	192400	0	color=(64,142,201)
Ga0004748_16	193500	196391	0	color=(64,142,201)
Ga0004748_16	205555	206205	0	color=(64,142,201)
Ga0004748_16	206393	207169	0	color=(64,142,201)
Ga0004748_17	136	552	0	color=(64,142,201)
Ga0004748_17	2139	2636	0	color=(64,142,201)
Ga0004748_17	16961	17083	0	color=(64,142,201)
Ga0004748_17	23900	24088	0	color=(64,142,201)
Ga0004748_17	25414	25752	0	color=(64,142,201)
Ga0004748_17	29788	30009	0	color=(64,142,201)
Ga0004748_17	39776	40279	0	color=(64,142,201)
Ga0004748_17	41573	44008	0	color=(64,142,201)
Ga0004748_17	49558	49983	0	color=(64,142,201)
Ga0004748_17	50947	51180	0	color=(64,142,201)
Ga0004748_17	52499	52693	0	color=(64,142,201)
Ga0004748_17	54487	54651	0	color=(64,142,201)
Ga0004748_17	55704	55922	0	color=(64,142,201)
Ga0004748_17	65816	66037	0	color=(64,142,201)
Ga0004748_17	66732	67031	0	color=(64,142,201)
Ga0004748_17	70458	70667	0	color=(64,142,201)
Ga0004748_17	70751	71311	0	color=(64,142,201)
Ga0004748_17	71589	73007	0	color=(64,142,201)
Ga0004748_17	73223	73740	0	color=(64,142,201)
Ga0004748_17	73991	74587	0	color=(64,142,201)